1 | 0
77 | 1
25 | 2
9 | 2
7 | 2
15 | 2
63 | 2
36 | 2
34 | 2
87 | 3
35 | 4
94 | 5
91 | 5
30 | 6
75 | 6
18 | 7
14 | 7
61 | 7
99 | 7
16 | 8
61 | 8
57 | 8
32 | 8
2 | 8
9 | 8
65 | 9
80 | 9
22 | 10
82 | 11
93 | 11
28 | 12
64 | 12
68 | 12
44 | 12
84 | 12
73 | 12
82 | 12
30 | 13
33 | 13
70 | 13
40 | 13
38 | 13
83 | 13
7 | 14
81 | 15
41 | 15
30 | 15
76 | 15
49 | 15
0 | 16
70 | 17 #DIFF: 0->70 gets counted (L30, we need to remove when we leave it...) Only happens on Left.
80 | 18
0 | 19
4 | 19
89 | 19
93 | 20
0 | 21
1 | 21
48 | 22
30 | 23
0 | 24
39 | 25
9 | 26
49 | 27
95 | 28
14 | 28
0 | 29
82 | 29
0 | 30
54 | 30
28 | 30
86 | 30
17 | 30
0 | 30
1 | 31
43 | 32
53 | 32
36 | 33
0 | 34
79 | 34
74 | 34
47 | 34
13 | 34
0 | 35
88 | 36
99 | 37
18 | 38
88 | 38
48 | 38
90 | 38
0 | 39
37 | 39
16 | 40
90 | 40
37 | 40
63 | 41
90 | 41
0 | 41
69 | 41
0 | 41
42 | 41
50 | 41
0 | 46
51 | 47
31 | 48
0 | 49
2 | 49
68 | 50
0 | 50
26 | 51
13 | 52
0 | 54
15 | 54
0 | 55
93 | 60
0 | 60
32 | 60
0 | 60
93 | 61
27 | 62
96 | 63
89 | 64
33 | 64
96 | 65
86 | 65
61 | 65
14 | 65
0 | 74
62 | 74
0 | 74
80 | 75
93 | 82
56 | 82
0 | 82
59 | 83
0 | 84
48 | 84
92 | 85
0 | 86
29 | 86
99 | 87
0 | 87
39 | 88
29 | 89
41 | 89
0 | 89
14 | 89
35 | 89
74 | 90
30 | 93
69 | 93
0 | 93
76 | 97
0 | 98
51 | 99
0 | 99
20 | 99
55 | 100
80 | 109
97 | 109
41 | 110
0 | 110
27 | 111
49 | 112
74 | 112
43 | 113
0 | 118
22 | 119
39 | 119
48 | 120
62 | 121
0 | 121
83 | 128
78 | 129
38 | 129
0 | 129
5 | 133
30 | 134
0 | 134
99 | 134
67 | 134
0 | 135
92 | 136
28 | 136
87 | 137
55 | 137
52 | 137
40 | 137
76 | 137
42 | 138
0 | 139
8 | 140
33 | 141
35 | 141
1 | 141
66 | 142
54 | 143
90 | 144
46 | 144
80 | 144
72 | 144
37 | 144
0 | 145
29 | 145
62 | 145
40 | 146
83 | 148
77 | 149
21 | 149
87 | 150
68 | 151
13 | 151
0 | 151
65 | 152
7 | 153
57 | 154
90 | 154
49 | 155
46 | 159
73 | 160
0 | 161
3 | 168
0 | 168
58 | 168
73 | 172
17 | 173
86 | 173
0 | 174
70 | 174
88 | 174
0 | 174
16 | 175
5 | 175
27 | 176
0 | 178
97 | 178
0 | 178
97 | 178
70 | 178
0 | 179
22 | 179
51 | 179
0 | 180
36 | 180
0 | 182
49 | 183
0 | 183
6 | 189
0 | 189
76 | 189
94 | 189
90 | 189
26 | 190
0 | 199
99 | 203
66 | 203
5 | 209
34 | 209
54 | 209
6 | 209
84 | 212
61 | 213
83 | 213
86 | 217
97 | 217
32 | 218
0 | 219
96 | 227
56 | 227
76 | 229
0 | 230
91 | 230
42 | 231
53 | 234
0 | 235
35 | 235
70 | 236
36 | 239
35 | 240
18 | 240
0 | 240
52 | 240
77 | 240
59 | 240
41 | 241
39 | 241
54 | 242
81 | 242
76 | 243
0 | 243
90 | 243
0 | 243
17 | 244
61 | 245
34 | 250
61 | 255
63 | 256
74 | 256
3 | 257
1 | 258
67 | 259
0 | 259
34 | 260
0 | 261
37 | 262
28 | 262
47 | 263
38 | 263
0 | 271
24 | 271
0 | 272
12 | 272
93 | 273
0 | 274
49 | 280
0 | 281
15 | 282
42 | 283
0 | 284
56 | 293
78 | 299
0 | 299
9 | 299
63 | 300
58 | 303
0 | 303
58 | 304
0 | 309
76 | 309
6 | 310
14 | 310
0 | 311
31 | 311
0 | 312
88 | 313
0 | 313
95 | 318
0 | 319
58 | 327
61 | 327
0 | 327
95 | 328
14 | 329
76 | 331
54 | 331
47 | 332
24 | 341
16 | 342
81 | 343
25 | 344
11 | 345
0 | 346
62 | 347
70 | 347
0 | 351
81 | 351
0 | 360
29 | 361
64 | 366
80 | 367
38 | 368
49 | 369
15 | 370
37 | 370
0 | 370
96 | 371
0 | 372
65 | 373
3 | 374
0 | 375
17 | 375
62 | 376
65 | 385
7 | 385
32 | 385
21 | 387
0 | 387
43 | 387
0 | 388
4 | 389
0 | 389
87 | 389
90 | 390
80 | 390
0 | 390
47 | 391
0 | 392
21 | 399
52 | 399
0 | 406
46 | 406
22 | 410
0 | 414
55 | 423
47 | 424
61 | 424
30 | 425
73 | 429
87 | 429
86 | 436
84 | 436
0 | 437
37 | 438
0 | 439
11 | 440
75 | 440
0 | 441
50 | 442
69 | 443
35 | 444
39 | 445
74 | 449
82 | 449
0 | 449
98 | 450
18 | 450
32 | 450
43 | 459
0 | 460
43 | 460
55 | 461
51 | 461
0 | 462
56 | 467
9 | 468
40 | 468
0 | 475
61 | 475
23 | 482
0 | 482
91 | 482
0 | 483
38 | 483
54 | 484
89 | 488
40 | 488
72 | 489
52 | 489
58 | 490
70 | 490
42 | 491
19 | 492
9 | 499
2 | 506
70 | 507
33 | 508
0 | 508
13 | 509
35 | 513
17 | 515
0 | 516
79 | 516
27 | 517
0 | 517
4 | 518
16 | 519
43 | 519
6 | 520
21 | 520
4 | 520
0 | 520
54 | 521
35 | 522
75 | 528
90 | 529
41 | 530
58 | 531
0 | 532
30 | 536
69 | 537
42 | 537
45 | 537
0 | 538
83 | 542
0 | 542
20 | 544
83 | 544
59 | 545
88 | 546
0 | 547
90 | 547
0 | 556
39 | 556
1 | 557
71 | 557
62 | 557
0 | 557
8 | 558
82 | 559
71 | 559
98 | 561
70 | 562
48 | 571
89 | 571
0 | 574
21 | 574
99 | 574
0 | 574
67 | 575
0 | 576
81 | 577
58 | 578
4 | 578
37 | 579
0 | 579
50 | 580
33 | 589
54 | 596
0 | 606
11 | 607
93 | 608
69 | 608
19 | 611
4 | 614
80 | 615
0 | 616
70 | 617
24 | 620
0 | 620
78 | 621
48 | 621
44 | 622
47 | 622
0 | 622
48 | 622
28 | 622
65 | 622
36 | 622
0 | 622
45 | 623
83 | 624
20 | 625
0 | 625
83 | 626
0 | 626
99 | 626
36 | 627
26 | 628
75 | 629
84 | 630
26 | 635
2 | 643
57 | 643
13 | 643
32 | 647
2 | 647
0 | 647
55 | 647
0 | 647
96 | 648
0 | 658
71 | 658
49 | 659
7 | 660
15 | 661
17 | 670
0 | 670
22 | 678
51 | 679
0 | 680
95 | 681
0 | 684
99 | 685
52 | 686
0 | 687
39 | 696
0 | 697
51 | 697
0 | 697
95 | 697
0 | 697
11 | 697
0 | 697
37 | 698
22 | 699
0 | 699
51 | 699
0 | 706
96 | 707
29 | 710
0 | 710
90 | 710
22 | 711
32 | 717
37 | 717
0 | 718
60 | 718
84 | 718
42 | 726
82 | 726
0 | 729
97 | 730
0 | 730
74 | 738
71 | 738
91 | 741
88 | 741
1 | 748
0 | 748
42 | 749
0 | 750
46 | 758
40 | 759
0 | 760
3 | 760
93 | 761
0 | 762
39 | 763
0 | 763
53 | 764
0 | 764
52 | 765
0 | 766
80 | 767
64 | 773
41 | 774
40 | 774
0 | 775
33 | 775
62 | 775
0 | 775
78 | 775
86 | 776
0 | 776
6 | 777
0 | 778
6 | 778
81 | 778
0 | 779
62 | 779
23 | 779
0 | 779
32 | 780
66 | 781
81 | 782
8 | 783
76 | 784
0 | 793
37 | 803
86 | 803
98 | 803
0 | 804
89 | 805
16 | 810
71 | 811
93 | 811
0 | 811
19 | 811
75 | 811
29 | 812
8 | 813
83 | 817
98 | 817
90 | 817
15 | 819
0 | 820
81 | 822
0 | 823
65 | 823
0 | 823
10 | 824
63 | 824
41 | 830
0 | 830
65 | 830
0 | 830
34 | 830
73 | 839
72 | 839
0 | 840
20 | 840
39 | 844
91 | 845
46 | 850
73 | 850
0 | 850
42 | 850
45 | 850
0 | 850
29 | 853
0 | 853
36 | 859
0 | 865
36 | 871
0 | 871
21 | 871
0 | 872
73 | 873
86 | 876
0 | 876
62 | 876
0 | 876
73 | 876
63 | 877
0 | 877
94 | 877
79 | 878
9 | 879
83 | 880
50 | 885
45 | 891
0 | 891
18 | 892
0 | 892
54 | 901
0 | 901
59 | 910
7 | 910
0 | 910
36 | 911
40 | 912
0 | 913
66 | 914
34 | 915
70 | 916
0 | 917
6 | 917
0 | 917
13 | 917
42 | 917
92 | 918
87 | 918
85 | 919
0 | 925
19 | 930
86 | 931
90 | 940
48 | 941
0 | 950
46 | 950
79 | 950
5 | 957
0 | 961
63 | 962
27 | 962
67 | 962
19 | 962
48 | 963
0 | 964
32 | 965
84 | 966
0 | 966
91 | 967
0 | 968
27 | 968
0 | 968
38 | 969
55 | 978
0 | 978
33 | 979
41 | 989
5 | 993
36 | 993
99 | 994
53 | 994
79 | 994
87 | 1001
0 | 1002
62 | 1002
87 | 1003
39 | 1008
31 | 1008
24 | 1008
85 | 1008
22 | 1009
48 | 1016
0 | 1017
92 | 1018
0 | 1020
26 | 1023
24 | 1023
98 | 1023
73 | 1023
14 | 1028
0 | 1029
17 | 1029
93 | 1030
0 | 1031
72 | 1032
6 | 1032
12 | 1033
4 | 1033
96 | 1036
0 | 1036
64 | 1043
76 | 1044
37 | 1049
13 | 1050
46 | 1051
27 | 1052
0 | 1053
88 | 1054
95 | 1055
85 | 1055
89 | 1056
77 | 1056
0 | 1066
21 | 1067
62 | 1067
29 | 1072
43 | 1072
57 | 1073
79 | 1074
99 | 1075
5 | 1075
0 | 1076
43 | 1076
13 | 1086
24 | 1090
0 | 1090
61 | 1090
0 | 1090
43 | 1090
9 | 1090
41 | 1091
35 | 1097
0 | 1098
46 | 1098
0 | 1107
16 | 1114
22 | 1115
28 | 1123
27 | 1131
35 | 1139
45 | 1139
0 | 1139
3 | 1139
9 | 1140
16 | 1141
58 | 1142
48 | 1143
68 | 1143
0 | 1144
46 | 1145
0 | 1146
93 | 1147
3 | 1147
0 | 1148
96 | 1149
30 | 1150
0 | 1150
7 | 1150
73 | 1151
0 | 1151
55 | 1157
5 | 1158
64 | 1159
26 | 1160
20 | 1160
22 | 1167
0 | 1172
5 | 1177
12 | 1178
97 | 1179
0 | 1180
79 | 1180
6 | 1189
34 | 1190
99 | 1191
56 | 1192
79 | 1193
33 | 1201
67 | 1204
44 | 1205
19 | 1205
0 | 1205
30 | 1205
0 | 1206
73 | 1207
1 | 1207
0 | 1207
31 | 1208
0 | 1209
86 | 1209
21 | 1210
29 | 1211
19 | 1212
0 | 1213
18 | 1222
54 | 1223
0 | 1223
36 | 1224
15 | 1225
6 | 1232
31 | 1232
8 | 1232
17 | 1233
73 | 1233
17 | 1233
72 | 1241
51 | 1242
0 | 1243
19 | 1244
38 | 1244
14 | 1245
0 | 1246
87 | 1247
0 | 1247
82 | 1254
50 | 1255
12 | 1255
88 | 1256
59 | 1256
46 | 1259
72 | 1259
0 | 1260
27 | 1260
72 | 1261
66 | 1266
0 | 1267
94 | 1267
0 | 1269
10 | 1270
64 | 1271
80 | 1272
0 | 1272
46 | 1274
0 | 1277
23 | 1278
0 | 1279
75 | 1280
31 | 1286
0 | 1287
11 | 1288
0 | 1289
74 | 1290
0 | 1290
62 | 1290
0 | 1291
1 | 1292
80 | 1293
65 | 1293
0 | 1298
31 | 1298
28 | 1299
0 | 1299
10 | 1299
0 | 1300
3 | 1301
0 | 1301
95 | 1302
18 | 1302
53 | 1303
82 | 1303
11 | 1304
0 | 1304
95 | 1305
93 | 1305
67 | 1306
0 | 1307
58 | 1308
12 | 1309
84 | 1310
0 | 1317
50 | 1317
23 | 1317
50 | 1317
23 | 1317
74 | 1318
2 | 1318
94 | 1318
0 | 1319
67 | 1320
60 | 1321
18 | 1322
92 | 1323
21 | 1323
0 | 1323
86 | 1323
42 | 1323
67 | 1324
0 | 1324
28 | 1324
66 | 1325
29 | 1326
33 | 1327
68 | 1328
3 | 1328
44 | 1328
0 | 1328
27 | 1328
0 | 1328
30 | 1328
75 | 1338
12 | 1338
6 | 1339
13 | 1344
91 | 1345
47 | 1346
11 | 1346
0 | 1346
40 | 1347
37 | 1356
36 | 1358
35 | 1358
68 | 1358
29 | 1359
15 | 1359
51 | 1359
68 | 1359
15 | 1360
68 | 1364
0 | 1368
35 | 1368
69 | 1368
59 | 1368
0 | 1368
53 | 1373
38 | 1373
34 | 1373
0 | 1373
92 | 1374
66 | 1374
50 | 1375
33 | 1375
0 | 1375
31 | 1375
87 | 1376
0 | 1377
91 | 1377
0 | 1377
61 | 1377
36 | 1377
0 | 1378
43 | 1378
0 | 1379
29 | 1380
0 | 1381
15 | 1382
0 | 1387
75 | 1396
4 | 1396
5 | 1403
0 | 1407
2 | 1408
0 | 1410
84 | 1410
87 | 1410
0 | 1411
61 | 1412
5 | 1413
26 | 1423
47 | 1429
0 | 1429
23 | 1430
91 | 1430
28 | 1431
6 | 1431
0 | 1431
72 | 1436
0 | 1440
28 | 1440
30 | 1440
60 | 1447
5 | 1448
0 | 1450
55 | 1450
43 | 1451
9 | 1452
28 | 1453
32 | 1459
0 | 1460
39 | 1463
17 | 1464
73 | 1464
77 | 1465
0 | 1466
24 | 1466
0 | 1467
82 | 1468
0 | 1469
17 | 1470
0 | 1471
61 | 1471
0 | 1471
32 | 1472
36 | 1472
71 | 1473
56 | 1474
67 | 1474
0 | 1478
16 | 1487
37 | 1487
67 | 1488
0 | 1488
90 | 1489
0 | 1489
40 | 1489
96 | 1490
0 | 1499
47 | 1500
95 | 1500
57 | 1501
83 | 1502
45 | 1502
29 | 1503
53 | 1503
81 | 1504
40 | 1505
79 | 1506
0 | 1507
19 | 1507
91 | 1507
0 | 1507
78 | 1507
38 | 1507
36 | 1507
3 | 1508
89 | 1513
0 | 1514
46 | 1514
0 | 1515
40 | 1515
30 | 1519
29 | 1520
2 | 1521
58 | 1521
52 | 1522
69 | 1522
74 | 1523
0 | 1531
62 | 1531
0 | 1532
93 | 1533
2 | 1533
71 | 1533
0 | 1537
49 | 1542
28 | 1542
3 | 1543
94 | 1543
0 | 1543
2 | 1543
0 | 1545
10 | 1549
0 | 1549
99 | 1549
0 | 1550
10 | 1558
29 | 1559
27 | 1560
0 | 1561
63 | 1570
15 | 1579
53 | 1579
39 | 1580
18 | 1581
0 | 1581
62 | 1581
0 | 1581
91 | 1583
45 | 1584
5 | 1584
30 | 1585
27 | 1585
0 | 1592
96 | 1592
30 | 1592
63 | 1593
79 | 1593
54 | 1594
81 | 1595
93 | 1596
0 | 1597
94 | 1598
0 | 1599
94 | 1600
41 | 1601
47 | 1602
71 | 1612
14 | 1618
75 | 1619
0 | 1619
20 | 1619
32 | 1627
0 | 1628
31 | 1629
86 | 1629
70 | 1630
0 | 1630
43 | 1631
64 | 1638
79 | 1639
0 | 1640
91 | 1640
0 | 1641
4 | 1641
56 | 1642
0 | 1643
63 | 1643
15 | 1651
0 | 1655
74 | 1656
0 | 1656
71 | 1656
65 | 1656
0 | 1661
98 | 1669
0 | 1669
77 | 1670
0 | 1670
38 | 1671
0 | 1671
47 | 1672
0 | 1677
26 | 1677
69 | 1677
52 | 1686
85 | 1687
18 | 1687
92 | 1696
85 | 1705
0 | 1705
33 | 1706
35 | 1706
81 | 1709
97 | 1711
70 | 1712
0 | 1721
16 | 1722
0 | 1731
67 | 1732
0 | 1732
54 | 1732
41 | 1732
8 | 1732
10 | 1733
6 | 1734
17 | 1734
0 | 1734
60 | 1734
0 | 1738
34 | 1739
51 | 1739
0 | 1739
19 | 1740
0 | 1740
87 | 1741
90 | 1741
0 | 1741
28 | 1744
41 | 1745
0 | 1745
57 | 1745
75 | 1745
42 | 1746
59 | 1746
74 | 1746
0 | 1747
92 | 1748
0 | 1751
3 | 1752
33 | 1753
89 | 1760
60 | 1766
67 | 1766
55 | 1767
95 | 1768
23 | 1769
0 | 1769
8 | 1774
0 | 1774
6 | 1775
92 | 1776
93 | 1780
91 | 1780
0 | 1781
24 | 1782
46 | 1782
98 | 1782
0 | 1789
44 | 1790
0 | 1790
79 | 1790
15 | 1791
0 | 1791
78 | 1792
50 | 1793
55 | 1801
70 | 1802
34 | 1803
61 | 1804
50 | 1805
0 | 1813
13 | 1814
68 | 1814
3 | 1814
52 | 1817
2 | 1818
0 | 1818
82 | 1827
16 | 1828
0 | 1828
74 | 1828
48 | 1829
26 | 1830
43 | 1831
0 | 1832
35 | 1832
0 | 1833
51 | 1836
73 | 1836
63 | 1837
13 | 1837
36 | 1837
2 | 1838
99 | 1838
54 | 1838
88 | 1838
37 | 1839
22 | 1849
56 | 1853
18 | 1854
36 | 1855
0 | 1856
87 | 1857
19 | 1857
5 | 1857
40 | 1857
0 | 1867
57 | 1867
0 | 1867
12 | 1867
61 | 1877
7 | 1881
36 | 1881
0 | 1881
37 | 1882
77 | 1883
0 | 1883
71 | 1883
52 | 1883
0 | 1884
64 | 1885
0 | 1885
66 | 1895
89 | 1895
30 | 1895
0 | 1896
27 | 1897
38 | 1897
6 | 1897
34 | 1897
0 | 1897
90 | 1897
0 | 1898
42 | 1899
77 | 1900
24 | 1901
42 | 1901
0 | 1902
6 | 1905
39 | 1906
15 | 1916
0 | 1917
19 | 1918
29 | 1918
68 | 1918
55 | 1919
19 | 1919
0 | 1919
51 | 1919
69 | 1919
0 | 1920
72 | 1920
60 | 1921
0 | 1924
4 | 1924
29 | 1933
84 | 1940
0 | 1948
24 | 1949
23 | 1949
0 | 1950
20 | 1950
0 | 1951
57 | 1954
84 | 1954
0 | 1955
98 | 1961
52 | 1967
0 | 1968
36 | 1969
38 | 1969
0 | 1974
64 | 1975
65 | 1975
46 | 1976
7 | 1977
39 | 1978
69 | 1978
0 | 1985
18 | 1985
77 | 1986
0 | 1986
90 | 1987
34 | 1994
81 | 1995
0 | 1996
88 | 1997
99 | 1998
0 | 1999
97 | 1999
11 | 2000
3 | 2000
0 | 2001
86 | 2001
33 | 2001
0 | 2002
17 | 2002
95 | 2002
19 | 2005
48 | 2005
93 | 2005
22 | 2006
24 | 2007
86 | 2008
73 | 2008
0 | 2008
45 | 2016
25 | 2017
10 | 2022
92 | 2031
63 | 2031
85 | 2032
68 | 2033
75 | 2039
72 | 2039
0 | 2048
39 | 2053
0 | 2054
33 | 2055
91 | 2055
0 | 2056
60 | 2057
46 | 2057
80 | 2058
0 | 2058
43 | 2058
37 | 2059
0 | 2064
19 | 2064
88 | 2065
46 | 2066
19 | 2066
10 | 2066
0 | 2069
1 | 2070
0 | 2070
46 | 2071
0 | 2071
75 | 2081
66 | 2083
0 | 2084
79 | 2084
59 | 2085
0 | 2086
87 | 2090
27 | 2090
78 | 2091
52 | 2091
74 | 2091
0 | 2091
19 | 2092
13 | 2092
89 | 2092
16 | 2093
60 | 2093
30 | 2099
0 | 2105
93 | 2106
45 | 2106
50 | 2107
0 | 2107
35 | 2108
42 | 2109
48 | 2109
0 | 2110
55 | 2111
36 | 2111
0 | 2111
44 | 2111
0 | 2111
95 | 2118
0 | 2118
49 | 2119
0 | 2120
1 | 2130
0 | 2130
80 | 2131
5 | 2131
4 | 2131
0 | 2131
10 | 2132
0 | 2132
60 | 2133
48 | 2134
54 | 2135
19 | 2135
0 | 2136
6 | 2136
44 | 2136
11 | 2137
0 | 2137
55 | 2137
49 | 2141
0 | 2142
53 | 2143
97 | 2144
86 | 2145
52 | 2146
26 | 2147
5 | 2148
0 | 2149
96 | 2149
62 | 2149
0 | 2150
74 | 2150
81 | 2151
26 | 2152
48 | 2152
0 | 2153
58 | 2153
0 | 2153
62 | 2154
39 | 2160
0 | 2161
74 | 2161
42 | 2161
97 | 2162
0 | 2170
30 | 2170
20 | 2171
18 | 2172
46 | 2173
86 | 2173
41 | 2174
0 | 2175
46 | 2176
72 | 2176
2 | 2176
0 | 2184
88 | 2184
3 | 2185
35 | 2185
21 | 2186
0 | 2187
1 | 2187
88 | 2187
95 | 2188
0 | 2189
72 | 2198
0 | 2199
98 | 2205
0 | 2206
25 | 2206
0 | 2206
17 | 2207
32 | 2208
0 | 2208
53 | 2208
67 | 2208
52 | 2208
68 | 2208
0 | 2208
93 | 2213
5 | 2213
42 | 2213
0 | 2213
22 | 2216
61 | 2216
32 | 2216
59 | 2225
2 | 2226
48 | 2227
20 | 2228
97 | 2228
0 | 2229
62 | 2230
70 | 2231
37 | 2232
0 | 2233
67 | 2233
12 | 2233
0 | 2233
88 | 2238
18 | 2238
0 | 2239
27 | 2239
13 | 2240
30 | 2240
0 | 2241
53 | 2242
78 | 2243
37 | 2243
78 | 2244
0 | 2245
94 | 2255
0 | 2255
85 | 2256
0 | 2258
69 | 2259
0 | 2261
63 | 2261
38 | 2262
34 | 2265
16 | 2265
73 | 2273
0 | 2274
93 | 2275
0 | 2275
14 | 2276
5 | 2277
0 | 2278
11 | 2278
32 | 2279
53 | 2279
80 | 2279
33 | 2280
99 | 2281
0 | 2287
47 | 2287
66 | 2296
0 | 2297
90 | 2297
32 | 2298
46 | 2298
0 | 2299
47 | 2299
0 | 2299
10 | 2299
0 | 2299
57 | 2300
0 | 2300
62 | 2301
13 | 2301
0 | 2302
32 | 2303
78 | 2303
0 | 2303
83 | 2304
42 | 2304
8 | 2304
74 | 2304
0 | 2304
89 | 2305
0 | 2305
78 | 2308
0 | 2309
34 | 2310
53 | 2310
41 | 2310
0 | 2317
27 | 2317
59 | 2317
55 | 2322
21 | 2330
50 | 2331
66 | 2331
35 | 2332
0 | 2332
9 | 2338
0 | 2338
68 | 2338
77 | 2346
53 | 2346
84 | 2346
80 | 2346
97 | 2346
11 | 2352
96 | 2353
0 | 2354
34 | 2355
0 | 2355
34 | 2355
11 | 2356
31 | 2357
0 | 2358
68 | 2358
0 | 2358
87 | 2364
66 | 2364
0 | 2365
95 | 2366
67 | 2367
82 | 2368
0 | 2371
69 | 2371
54 | 2372
0 | 2378
2 | 2379
0 | 2380
66 | 2381
0 | 2390
57 | 2391
0 | 2392
15 | 2392
0 | 2393
83 | 2393
3 | 2393
2 | 2393
84 | 2394
72 | 2394
14 | 2394
20 | 2395
0 | 2396
21 | 2405
97 | 2405
0 | 2405
8 | 2405
78 | 2405
48 | 2405
0 | 2405
81 | 2405
52 | 2406
82 | 2407
88 | 2408
0 | 2409
29 | 2410
0 | 2412
56 | 2417
0 | 2418
55 | 2418
94 | 2419
31 | 2420
79 | 2420
87 | 2425
76 | 2428
38 | 2429
0 | 2430
43 | 2430
38 | 2430
81 | 2431
65 | 2432
0 | 2433
90 | 2433
0 | 2433
27 | 2433
91 | 2434
26 | 2435
55 | 2435
0 | 2435
80 | 2435
0 | 2435
70 | 2436
0 | 2437
96 | 2437
0 | 2438
94 | 2438
57 | 2439
0 | 2447
14 | 2447
0 | 2447
96 | 2447
0 | 2450
17 | 2459
71 | 2467
1 | 2468
11 | 2469
91 | 2469
95 | 2479
64 | 2480
0 | 2481
54 | 2482
38 | 2482
0 | 2482
24 | 2482
79 | 2482
0 | 2482
69 | 2482
12 | 2482
67 | 2488
68 | 2489
59 | 2489
97 | 2489
0 | 2489
60 | 2490
0 | 2498
77 | 2499
51 | 2500
83 | 2501
0 | 2502
13 | 2503
54 | 2503
31 | 2503
41 | 2505
54 | 2505
6 | 2507
0 | 2507
93 | 2507
22 | 2507
0 | 2507
29 | 2508
20 | 2509
0 | 2509
75 | 2510
48 | 2510
16 | 2511
0 | 2512
34 | 2515
81 | 2519
5 | 2519
0 | 2519
32 | 2519
14 | 2520
52 | 2525
0 | 2530
65 | 2530
21 | 2533
47 | 2533
0 | 2533
91 | 2534
13 | 2535
0 | 2535
48 | 2535
19 | 2536
85 | 2536
0 | 2537
34 | 2537
15 | 2538
44 | 2540
42 | 2540
40 | 2547
43 | 2547
0 | 2548
36 | 2549
63 | 2555
0 | 2560
92 | 2561
0 | 2562
10 | 2563
76 | 2566
35 | 2573
18 | 2577
0 | 2577
13 | 2578
20 | 2579
0 | 2581
6 | 2587
56 | 2587
0 | 2587
33 | 2587
76 | 2587
14 | 2588
37 | 2589
0 | 2597
3 | 2598
70 | 2598
60 | 2599
29 | 2599
9 | 2600
0 | 2607
96 | 2608
0 | 2609
29 | 2609
0 | 2609
97 | 2616
25 | 2623
5 | 2623
89 | 2623
0 | 2623
40 | 2624
0 | 2625
31 | 2626
0 | 2626
18 | 2626
29 | 2627
5 | 2628
91 | 2630
80 | 2631
4 | 2632
18 | 2632
0 | 2632
65 | 2632
40 | 2632
0 | 2632
26 | 2633
0 | 2634
49 | 2635
0 | 2636
93 | 2636
99 | 2637
79 | 2638
0 | 2638
24 | 2639
0 | 2639
65 | 2640
93 | 2641
0 | 2641
26 | 2641
12 | 2641
0 | 2645
90 | 2645
54 | 2646
90 | 2647
27 | 2648
21 | 2648
0 | 2649
46 | 2649
51 | 2650
0 | 2655
99 | 2655
97 | 2659
42 | 2660
74 | 2661
0 | 2661
37 | 2661
11 | 2662
53 | 2663
58 | 2673
26 | 2674
0 | 2674
25 | 2675
24 | 2680
66 | 2681
74 | 2681
87 | 2681
76 | 2681
0 | 2682
59 | 2683
3 | 2684
31 | 2685
0 | 2686
84 | 2686
0 | 2687
88 | 2687
81 | 2688
0 | 2695
38 | 2695
40 | 2696
81 | 2704
67 | 2704
0 | 2705
49 | 2706
0 | 2707
28 | 2707
0 | 2709
9 | 2710
32 | 2711
0 | 2713
3 | 2715
34 | 2715
0 | 2716
27 | 2717
0 | 2718
76 | 2718
32 | 2718
0 | 2719
16 | 2729
0 | 2729
32 | 2730
46 | 2730
63 | 2737
0 | 2739
18 | 2739
83 | 2739
27 | 2749
61 | 2750
50 | 2758
53 | 2758
0 | 2760
52 | 2761
39 | 2761
0 | 2761
2 | 2762
1 | 2763
80 | 2764
53 | 2764
45 | 2764
71 | 2764
0 | 2765
31 | 2766
75 | 2766
0 | 2766
5 | 2767
0 | 2768
36 | 2769
0 | 2769
5 | 2769
0 | 2770
4 | 2771
41 | 2772
51 | 2772
58 | 2775
0 | 2775
47 | 2775
7 | 2775
41 | 2775
58 | 2777
0 | 2777
63 | 2777
86 | 2778
90 | 2779
0 | 2779
75 | 2780
0 | 2787
48 | 2792
62 | 2793
0 | 2794
92 | 2794
0 | 2795
82 | 2795
0 | 2796
61 | 2797
16 | 2800
12 | 2800
0 | 2800
36 | 2800
80 | 2800
79 | 2807
54 | 2807
0 | 2808
7 | 2813
74 | 2820
0 | 2820
87 | 2820
48 | 2821
96 | 2827
59 | 2828
52 | 2828
41 | 2828
14 | 2829
5 | 2829
0 | 2829
41 | 2836
0 | 2836
8 | 2837
61 | 2838
0 | 2838
53 | 2839
77 | 2846
0 | 2846
10 | 2850
5 | 2850
0 | 2858
69 | 2858
33 | 2859
85 | 2860
0 | 2860
41 | 2861
53 | 2861
86 | 2861
6 | 2869
0 | 2876
85 | 2877
0 | 2878
20 | 2879
48 | 2884
67 | 2885
5 | 2885
0 | 2886
86 | 2886
46 | 2886
30 | 2889
17 | 2890
23 | 2890
69 | 2890
77 | 2891
5 | 2892
91 | 2892
0 | 2893
25 | 2893
0 | 2894
23 | 2895
18 | 2895
38 | 2895
49 | 2896
11 | 2896
28 | 2897
0 | 2898
10 | 2904
20 | 2905
18 | 2905
43 | 2914
0 | 2915
30 | 2925
80 | 2926
0 | 2927
19 | 2927
96 | 2935
7 | 2936
0 | 2938
80 | 2938
44 | 2939
35 | 2939
19 | 2939
25 | 2939
89 | 2939
0 | 2939
5 | 2940
0 | 2945
55 | 2945
42 | 2952
0 | 2952
69 | 2953
95 | 2956
58 | 2956
34 | 2956
52 | 2957
79 | 2957
16 | 2957
22 | 2957
43 | 2957
0 | 2958
66 | 2959
53 | 2967
81 | 2967
21 | 2967
86 | 2967
0 | 2967
96 | 2967
0 | 2968
84 | 2974
0 | 2974
28 | 2975
6 | 2975
0 | 2975
64 | 2976
0 | 2980
2 | 2980
1 | 2982
0 | 2982
77 | 2983
84 | 2984
40 | 2984
10 | 2993
40 | 2994
26 | 2995
0 | 3000
19 | 3000
23 | 3000
26 | 3001
0 | 3002
69 | 3004
90 | 3005
0 | 3006
96 | 3007
0 | 3007
39 | 3015
42 | 3015
32 | 3015
0 | 3016
6 | 3017
33 | 3017
55 | 3018
10 | 3023
12 | 3024
0 | 3025
14 | 3028
71 | 3034
0 | 3038
88 | 3039
69 | 3040
0 | 3040
53 | 3041
0 | 3041
44 | 3042
24 | 3042
80 | 3042
54 | 3042
85 | 3044
0 | 3045
53 | 3045
35 | 3045
0 | 3045
26 | 3045
0 | 3048
63 | 3048
0 | 3049
94 | 3049
99 | 3053
68 | 3055
17 | 3055
0 | 3056
3 | 3057
79 | 3058
50 | 3058
19 | 3058
81 | 3059
29 | 3059
0 | 3060
88 | 3069
21 | 3069
64 | 3070
73 | 3071
10 | 3071
0 | 3072
48 | 3072
0 | 3073
5 | 3073
0 | 3074
56 | 3075
58 | 3075
71 | 3075
51 | 3075
30 | 3075
82 | 3076
42 | 3084
7 | 3085
48 | 3085
44 | 3095
31 | 3103
13 | 3104
48 | 3105
16 | 3107
0 | 3116
12 | 3117
0 | 3117
79 | 3127
0 | 3136
58 | 3143
41 | 3144
0 | 3147
11 | 3147
0 | 3147
23 | 3148
44 | 3148
0 | 3148
63 | 3149
0 | 3150
28 | 3150
55 | 3150
81 | 3150
41 | 3150
0 | 3151
74 | 3151
6 | 3152
0 | 3153
9 | 3158
84 | 3159
83 | 3160
45 | 3162
5 | 3163
55 | 3164
0 | 3165
19 | 3169
65 | 3170
80 | 3170
0 | 3171
95 | 3171
0 | 3175
52 | 3175
28 | 3175
42 | 3176
88 | 3176
0 | 3176
46 | 3176
26 | 3181
0 | 3181
40 | 3182
49 | 3183
34 | 3183
61 | 3184
50 | 3185
20 | 3193
88 | 3200
56 | 3201
2 | 3209
0 | 3209
69 | 3210
16 | 3211
54 | 3212
0 | 3212
57 | 3213
15 | 3214
70 | 3214
68 | 3215
46 | 3223
0 | 3225
93 | 3225
0 | 3229
50 | 3230
67 | 3231
33 | 3232
47 | 3232
53 | 3232
50 | 3240
0 | 3241
24 | 3242
71 | 3243
88 | 3244
80 | 3245
0 | 3246
18 | 3247
45 | 3248
0 | 3249
75 | 3249
92 | 3250
64 | 3259
85 | 3259
0 | 3259
40 | 3259
0 | 3259
1 | 3260
75 | 3260
1 | 3261
87 | 3261
0 | 3261
19 | 3262
0 | 3263
34 | 3270
4 | 3271
87 | 3271
0 | 3279
99 | 3281
48 | 3282
5 | 3283
52 | 3283
3 | 3284
89 | 3284
0 | 3285
29 | 3286
72 | 3287
78 | 3287
18 | 3287
52 | 3288
2 | 3288
0 | 3289
72 | 3290
77 | 3298
48 | 3298
0 | 3302
38 | 3303
29 | 3304
53 | 3305
0 | 3305
7 | 3306
10 | 3307
0 | 3308
82 | 3308
0 | 3309
33 | 3310
19 | 3311
62 | 3312
0 | 3319
90 | 3320
39 | 3328
37 | 3328
80 | 3329
93 | 3331
0 | 3332
53 | 3332
55 | 3332
0 | 3332
35 | 3340
0 | 3349
98 | 3350
21 | 3350
26 | 3350
0 | 3351
6 | 3352
46 | 3352
0 | 3353
69 | 3354
9 | 3354
0 | 3363
39 | 3364
29 | 3364
0 | 3364
75 | 3365
0 | 3366
90 | 3367
78 | 3367
0 | 3376
76 | 3377
27 | 3377
45 | 3378
26 | 3378
60 | 3378
0 | 3379
38 | 3380
88 | 3381
0 | 3381
25 | 3381
0 | 3381
97 | 3388
42 | 3389
0 | 3389
9 | 3389
53 | 3389
0 | 3389
47 | 3389
2 | 3390
0 | 3393
23 | 3393
93 | 3393
53 | 3393
93 | 3402
68 | 3403
0 | 3404
67 | 3404
0 | 3405
69 | 3409
16 | 3410
71 | 3410
25 | 3410
0 | 3413
82 | 3413
0 | 3413
11 | 3417
45 | 3420
86 | 3421
98 | 3423
0 | 3423
89 | 3424
37 | 3425
22 | 3426
43 | 3430
61 | 3430
53 | 3431
38 | 3432
0 | 3432
95 | 3432
0 | 3435
18 | 3436
14 | 3437
0 | 3437
22 | 3440
0 | 3441
28 | 3442
95 | 3445
66 | 3446
26 | 3447
0 | 3448
75 | 3448
61 | 3452
29 | 3453
58 | 3463
66 | 3463
49 | 3464
0 | 3465
75 | 3466
89 | 3467
3 | 3467
4 | 3468
43 | 3469
0 | 3469
94 | 3469
12 | 3477
22 | 3478
98 | 3478
48 | 3484
46 | 3488
0 | 3489
99 | 3490
0 | 3490
10 | 3491
0 | 3492
7 | 3492
70 | 3498
76 | 3499
84 | 3504
8 | 3504
33 | 3505
94 | 3512
63 | 3513
21 | 3514
0 | 3514
19 | 3514
49 | 3515
0 | 3515
21 | 3516
0 | 3516
60 | 3516
98 | 3516
35 | 3516
17 | 3516
42 | 3517
0 | 3517
2 | 3524
25 | 3533
0 | 3533
38 | 3533
0 | 3534
4 | 3544
0 | 3545
33 | 3545
62 | 3546
0 | 3547
86 | 3548
0 | 3548
83 | 3549
98 | 3549
0 | 3550
49 | 3551
31 | 3551
55 | 3552
84 | 3553
96 | 3554
0 | 3554
96 | 3554
50 | 3555
86 | 3556
83 | 3556
0 | 3562
23 | 3563
45 | 3564
0 | 3565
71 | 3566
1 | 3574
94 | 3575
0 | 3576
63 | 3576
0 | 3577
36 | 3586
83 | 3590
89 | 3590
99 | 3591
79 | 3592
0 | 3593
45 | 3593
62 | 3596
0 | 3597
9 | 3598
60 | 3598
49 | 3598
84 | 3599
52 | 3600
67 | 3600
78 | 3600
0 | 3601
64 | 3601
10 | 3602
22 | 3602
80 | 3602
0 | 3609
27 | 3609
0 | 3610
90 | 3610
79 | 3610
35 | 3614
27 | 3614
50 | 3614
75 | 3614
0 | 3615
87 | 3615
78 | 3616
61 | 3617
84 | 3618
99 | 3619
64 | 3625
33 | 3625
99 | 3626
67 | 3627
0 | 3628
2 | 3630
51 | 3630
93 | 3630
58 | 3633
60 | 3634
34 | 3635
0 | 3635
81 | 3636
11 | 3636
0 | 3636
24 | 3637
48 | 3637
31 | 3637
3 | 3645
36 | 3646
0 | 3647
76 | 3648
0 | 3656
87 | 3657
13 | 3657
22 | 3658
6 | 3658
1 | 3659
2 | 3659
72 | 3660
50 | 3661
27 | 3662
80 | 3662
0 | 3662
77 | 3663
38 | 3664
79 | 3664
0 | 3664
38 | 3665
0 | 3666
18 | 3666
0 | 3667
79 | 3668
31 | 3668
0 | 3669
72 | 3669
0 | 3669
88 | 3672
56 | 3673
19 | 3682
18 | 3683
2 | 3684
0 | 3685
16 | 3695
0 | 3695
72 | 3701
37 | 3702
66 | 3704
9 | 3705
0 | 3706
4 | 3707
0 | 3707
70 | 3707
6 | 3708
36 | 3709
41 | 3709
0 | 3710
11 | 3711
0 | 3711
1 | 3712
13 | 3712
0 | 3713
73 | 3714
56 | 3714
55 | 3715
0 | 3716
81 | 3717
63 | 3718
0 | 3718
72 | 3719
42 | 3719
30 | 3728
10 | 3728
91 | 3734
72 | 3735
46 | 3735
9 | 3743
53 | 3744
82 | 3744
0 | 3744
76 | 3744
62 | 3745
31 | 3747
58 | 3756
76 | 3757
85 | 3759
26 | 3759
5 | 3759
95 | 3759
0 | 3759
14 | 3764
5 | 3764
93 | 3765
0 | 3765
63 | 3765
0 | 3766
3 | 3766
58 | 3773
17 | 3774
0 | 3775
19 | 3775
81 | 3776
55 | 3777
47 | 3777
0 | 3777
51 | 3785
7 | 3785
10 | 3785
96 | 3785
28 | 3785
69 | 3785
88 | 3786
80 | 3787
0 | 3789
88 | 3789
68 | 3789
51 | 3796
0 | 3797
6 | 3798
65 | 3799
2 | 3803
49 | 3803
33 | 3803
7 | 3804
25 | 3805
0 | 3805
25 | 3806
70 | 3806
0 | 3806
11 | 3807
74 | 3810
0 | 3810
37 | 3810
2 | 3811
46 | 3812
79 | 3819
0 | 3819
43 | 3819
98 | 3820
0 | 3826
50 | 3827
51 | 3828
32 | 3828
0 | 3829
36 | 3830
83 | 3831
27 | 3831
17 | 3832
0 | 3839
54 | 3839
0 | 3840
71 | 3840
0 | 3849
70 | 3850
0 | 3850
94 | 3850
74 | 3851
0 | 3851
4 | 3851
62 | 3852
24 | 3852
0 | 3852
42 | 3853
64 | 3854
0 | 3855
26 | 3861
65 | 3862
2 | 3868
82 | 3869
3 | 3870
40 | 3871
0 | 3871
37 | 3871
81 | 3872
61 | 3872
0 | 3873
24 | 3874
40 | 3874
17 | 3874
68 | 3874
0 | 3874
46 | 3875
91 | 3875
0 | 3883
13 | 3887
0 | 3887
34 | 3896
0 | 3897
35 | 3904
87 | 3905
0 | 3905
58 | 3906
0 | 3911
38 | 3912
14 | 3912
16 | 3916
88 | 3916
84 | 3916
0 | 3924
73 | 3933
0 | 3933
51 | 3933
0 | 3933
68 | 3937
31 | 3937
99 | 3938
21 | 3938
34 | 3939
0 | 3946
96 | 3947
41 | 3947
0 | 3954
47 | 3955
0 | 3955
89 | 3956
0 | 3957
78 | 3958
56 | 3958
0 | 3958
58 | 3958
27 | 3961
80 | 3961
0 | 3961
98 | 3962
81 | 3963
0 | 3964
30 | 3974
0 | 3975
8 | 3976
61 | 3977
10 | 3977
58 | 3981
39 | 3985
2 | 3986
46 | 3986
9 | 3987
85 | 3987
0 | 3987
68 | 3987
0 | 3987
82 | 3988
93 | 3989
60 | 3990
36 | 3991
0 | 3992
44 | 3993
0 | 3994
59 | 3995
0 | 3998
99 | 3999
47 | 3999
60 | 3999
0 | 3999
18 | 3999
92 | 4000
84 | 4001
69 | 4003
36 | 4003
90 | 4011
79 | 4011
4 | 4012
0 | 4012
99 | 4012
0 | 4013
9 | 4016
64 | 4016
0 | 4016
21 | 4017
0 | 4017
98 | 4017
72 | 4024
12 | 4024
0 | 4025
69 | 4025
1 | 4029
66 | 4029
89 | 4029
0 | 4029
65 | 4029
23 | 4036
39 | 4037
54 | 4037
56 | 4042
0 | 4043
65 | 4043
96 | 4043
30 | 4044
77 | 4044
61 | 4052
58 | 4052
15 | 4054
3 | 4057
89 | 4058
0 | 4058
32 | 4058
0 | 4058
56 | 4065
31 | 4066
0 | 4066
90 | 4066
2 | 4067
44 | 4069
6 | 4070
42 | 4071
73 | 4072
0 | 4072
26 | 4081
0 | 4082
46 | 4082
0 | 4082
43 | 4083
55 | 4084
25 | 4085
11 | 4086
0 | 4087
45 | 4087
2 | 4090
65 | 4091
0 | 4091
98 | 4092
95 | 4099
9 | 4099
15 | 4102
28 | 4103
15 | 4103
66 | 4103
0 | 4104
23 | 4105
12 | 4106
98 | 4110
61 | 4110
24 | 4111
56 | 4114
95 | 4115
73 | 4115
34 | 4116
16 | 4126
63 | 4132
68 | 4140
0 | 4145
5 | 4145
0 | 4146
43 | 4147
42 | 4147
73 | 4147
0 | 4148
34 | 4148
7 | 4149
25 | 4150
0 | 4150
27 | 4151
86 | 4152
0 | 4153
58 | 4154
75 | 4154
54 | 4154
96 | 4160
84 | 4160
0 | 4168
78 | 4168
0 | 4178
99 | 4180
0 | 4181
59 | 4181
77 | 4181
30 | 4181
0 | 4182
68 | 4183
81 | 4184
49 | 4185
34 | 4185
0 | 4186
41 | 4187
86 | 4188
0 | 4192
55 | 4193
0 | 4193
13 | 4194
77 | 4194
6 | 4194
97 | 4194
8 | 4194
0 | 4195
85 | 4196
62 | 4196
58 | 4197
0 | 4198
61 | 4198
0 | 4199
22 | 4207
86 | 4211
24 | 4211
0 | 4211
13 | 4216
14 | 4222
0 | 4224
15 | 4225
30 | 4226
91 | 4227
18 | 4232
3 | 4233
59 | 4234
48 | 4240
2 | 4248
21 | 4248
43 | 4248
91 | 4256
9 | 4263
0 | 4263
78 | 4263
27 | 4263
97 | 4263
35 | 4264
0 | 4264
2 | 4265
0 | 4265
18 | 4267
98 | 4267
0 | 4271
17 | 4271
0 | 4272
26 | 4272
67 | 4276
68 | 4277
0 | 4278
95 | 4279
46 | 4279
0 | 4279
20 | 4280
63 | 4281
13 | 4283
63 | 4284
5 | 4284
16 | 4284
65 | 4284
28 | 4285
0 | 4286
83 | 4287
0 | 4288
35 | 4288
1 | 4294
48 | 4294
64 | 4295
0 | 4296
91 | 4296
78 | 4297
0 | 4297
3 | 4298
41 | 4307
0 | 4307
99 | 4308
8 | 4308
0 | 4308
33 | 4314
82 | 4315
76 | 4316
0 | 4317
30 | 4318
57 | 4318
54 | 4318
19 | 4318
38 | 4319
51 | 4319
0 | 4320
25 | 4320
92 | 4320
0 | 4321
65 | 4322
46 | 4322
98 | 4322
0 | 4330
11 | 4330
3 | 4335
0 | 4344
11 | 4344
13 | 4344
62 | 4344
0 | 4344
64 | 4344
65 | 4344
3 | 4345
28 | 4345
32 | 4345
0 | 4345
40 | 4346
77 | 4346
95 | 4346
14 | 4346
0 | 4346
37 | 4347
61 | 4348
47 | 4348
6 | 4357
0 | 4358
72 | 4359
0 | 4360
2 | 4361
95 | 4363
64 | 4364
0 | 4372
6 | 4382
75 | 4382
0 | 4383
19 | 4384
9 | 4384
33 | 4384
83 | 4392
39 | 4393
40 | 4394
57 | 4395
33 | 4396
76 | 4404
39 | 4405
22 | 4405
4 | 4405
0 | 4405
15 | 4406
90 | 4407
0 | 4408
35 | 4411
9 | 4412
0 | 4413
29 | 4420
10 | 4421
4 | 4421
91 | 4429
0 | 4430
17 | 4431
71 | 4432
56 | 4432
4 | 4433
71 | 4434
63 | 4437
81 | 4437
44 | 4441
81 | 4441
0 | 4442
56 | 4442
61 | 4442
78 | 4442
37 | 4443
10 | 4449
60 | 4450
43 | 4451
0 | 4457
95 | 4457
32 | 4457
68 | 4458
64 | 4459
14 | 4460
42 | 4463
27 | 4464
49 | 4465
24 | 4474
51 | 4474
0 | 4475
41 | 4477
96 | 4478
0 | 4478
4 | 4478
0 | 4479
74 | 4480
0 | 4481
17 | 4485
0 | 4486
61 | 4487
4 | 4488
0 | 4488
31 | 4489
90 | 4490
27 | 4490
94 | 4490
68 | 4491
5 | 4492
0 | 4493
30 | 4493
83 | 4493
0 | 4493
33 | 4493
97 | 4494
41 | 4496
81 | 4496
0 | 4502
29 | 4503
88 | 4504
36 | 4509
0 | 4510
38 | 4510
0 | 4513
99 | 4514
0 | 4514
48 | 4516
0 | 4516
2 | 4517
70 | 4517
0 | 4526
93 | 4526
13 | 4527
0 | 4527
52 | 4527
0 | 4528
13 | 4528
62 | 4529
39 | 4536
81 | 4537
0 | 4538
70 | 4541
0 | 4541
43 | 4551
76 | 4551
11 | 4552
21 | 4553
0 | 4553
90 | 4553
0 | 4553
80 | 4553
90 | 4554
17 | 4555
16 | 4555
0 | 4563
49 | 4563
67 | 4564
40 | 4564
2 | 4565
32 | 4565
13 | 4566
0 | 4567
22 | 4568
0 | 4568
9 | 4573
95 | 4573
34 | 4578
10 | 4581
0 | 4582
52 | 4583
2 | 4583
0 | 4591
42 | 4591
88 | 4594
46 | 4594
80 | 4594
8 | 4594
0 | 4594
2 | 4595
78 | 4596
70 | 4597
0 | 4597
48 | 4597
89 | 4597
38 | 4597
0 | 4598
20 | 4599
35 | 4606
13 | 4607
48 | 4607
18 | 4615
0 | 4617
23 | 4617
32 | 4627
30 | 4628
0 | 4629
24 | 4630
43 | 4631
13 | 4631
0 | 4632
26 | 4636
0 | 4645
85 | 4646
0 | 4646
3 | 4646
67 | 4649
0 | 4650
31 | 4651
90 | 4652
73 | 4652
0 | 4652
64 | 4656
0 | 4656
16 | 4656
12 | 4663
0 | 4666
41 | 4666
17 | 4666
6 | 4667
95 | 4667
81 | 4668
43 | 4669
0 | 4670
92 | 4671
93 | 4672
8 | 4680
41 | 4680
0 | 4681
34 | 4690
99 | 4691
31 | 4692
0 | 4693
69 | 4693
31 | 4694
76 | 4694
0 | 4694
21 | 4695
94 | 4696
46 | 4696
24 | 4696
83 | 4699
0 | 4700
67 | 4700
19 | 4701
78 | 4702
69 | 4703
93 | 4703
89 | 4704
80 | 4704
59 | 4705
0 | 4706
36 | 4706
44 | 4714
5 | 4717
98 | 4717
72 | 4718
0 | 4728
46 | 4728
30 | 4730
42 | 4731
11 | 4732
0 | 4741
78 | 4741
89 | 4741
33 | 4743
89 | 4744
15 | 4744
0 | 4744
60 | 4745
0 | 4754
33 | 4754
0 | 4755
84 | 4755
36 | 4755
97 | 4756
81 | 4761
79 | 4763
0 | 4764
66 | 4764
27 | 4765
46 | 4766
4 | 4766
94 | 4774
0 | 4779
12 | 4779
1 | 4780
0 | 4786
71 | 4787
79 | 4788
80 | 4792
77 | 4793
39 | 4793
57 | 4793
38 | 4794
22 | 4804
75 | 4805
73 | 4806
77 | 4806
11 | 4806
0 | 4807
46 | 4807
0 | 4807
70 | 4808
86 | 4809
0 | 4809
67 | 4809
86 | 4810
0 | 4810
22 | 4811
0 | 4812
39 | 4813
9 | 4813
81 | 4813
3 | 4814
73 | 4814
0 | 4815
29 | 4815
0 | 4818
68 | 4818
0 | 4818
20 | 4818
0 | 4819
90 | 4819
95 | 4819
0 | 4820
36 | 4820
11 | 4821
21 | 4821
93 | 4822
92 | 4823
33 | 4824
0 | 4824
34 | 4825
0 | 4828
39 | 4828
0 | 4828
63 | 4829
50 | 4829
37 | 4830
0 | 4840
99 | 4840
89 | 4840
92 | 4840
0 | 4841
66 | 4842
0 | 4842
80 | 4842
87 | 4843
98 | 4843
0 | 4843
17 | 4844
98 | 4845
0 | 4845
61 | 4845
4 | 4847
83 | 4847
48 | 4847
0 | 4857
16 | 4857
0 | 4858
45 | 4859
79 | 4860
0 | 4861
26 | 4870
0 | 4870
39 | 4870
91 | 4871
45 | 4871
0 | 4872
90 | 4873
69 | 4874
0 | 4875
48 | 4876
0 | 4879
9 | 4879
93 | 4889
0 | 4889
51 | 4889
35 | 4889
0 | 4890
12 | 4890
96 | 4891
56 | 4892
0 | 4893
38 | 4893
34 | 4894
0 | 4895
3 | 4895
43 | 4896
21 | 4897
0 | 4897
32 | 4897
69 | 4897
97 | 4898
17 | 4898
18 | 4898
57 | 4899
43 | 4903
90 | 4904
69 | 4913
17 | 4914
57 | 4915
55 | 4916
0 | 4917
48 | 4918
88 | 4919
91 | 4920
52 | 4920
36 | 4921
91 | 4922
0 | 4923
94 | 4924
72 | 4925
40 | 4925
54 | 4926
25 | 4927
59 | 4928
90 | 4929
0 | 4937
51 | 4938
28 | 4938
74 | 4939
0 | 4939
64 | 4940
74 | 4941
0 | 4942
65 | 4943
31 | 4943
68 | 4943
16 | 4944
0 | 4945
54 | 4946
40 | 4946
13 | 4946
76 | 4946
14 | 4954
0 | 4954
32 | 4964
31 | 4965
71 | 4966
0 | 4966
7 | 4967
14 | 4969
0 | 4969
77 | 4969
74 | 4976
16 | 4977
0 | 4978
19 | 4978
36 | 4979
82 | 4980
84 | 4983
86 | 4984
32 | 4985
58 | 4985
0 | 4986
40 | 4987
84 | 4988
0 | 4997
76 | 4998
50 | 4998
0 | 4998
6 | 5007
0 | 5007
49 | 5008
0 | 5008
45 | 5009
0 | 5009
99 | 5013
39 | 5014
0 | 5015
43 | 5015
0 | 5015
88 | 5022
8 | 5023
80 | 5023
2 | 5024
93 | 5024
0 | 5024
30 | 5025
0 | 5026
17 | 5027
16 | 5028
0 | 5028
5 | 5029
71 | 5030
22 | 5030
83 | 5038
0 | 5038
20 | 5042
22 | 5043
35 | 5051
94 | 5051
99 | 5052
0 | 5053
3 | 5058
30 | 5059
58 | 5059
0 | 5060
81 | 5061
0 | 5061
36 | 5061
21 | 5061
71 | 5061
0 | 5062
87 | 5062
78 | 5062
27 | 5062
75 | 5063
89 | 5063
28 | 5063
27 | 5063
90 | 5064
28 | 5064
23 | 5065
0 | 5066
56 | 5072
0 | 5073
86 | 5073
89 | 5077
0 | 5077
76 | 5084
41 | 5084
82 | 5089
0 | 5089
19 | 5090
0 | 5090
57 | 5091
58 | 5092
0 | 5092
22 | 5092
43 | 5092
2 | 5096
0 | 5097
11 | 5102
0 | 5103
69 | 5103
21 | 5104
0 | 5105
18 | 5106
92 | 5106
23 | 5106
0 | 5106
85 | 5106
0 | 5109
26 | 5109
10 | 5114
0 | 5115
67 | 5116
48 | 5117
54 | 5117
67 | 5117
0 | 5118
28 | 5118
72 | 5119
99 | 5119
19 | 5120
80 | 5121
0 | 5122
54 | 5122
0 | 5122
43 | 5123
0 | 5123
40 | 5123
0 | 5123
21 | 5124
61 | 5125
0 | 5125
21 | 5132
8 | 5133
0 | 5137
21 | 5137
0 | 5138
21 | 5139
2 | 5142
62 | 5143
93 | 5144
83 | 5144
53 | 5144
56 | 5149
0 | 5149
46 | 5150
91 | 5150
0 | 5150
94 | 5150
87 | 5151
28 | 5152
70 | 5152
63 | 5152
8 | 5159
65 | 5162
61 | 5166
72 | 5166
5 | 5166
0 | 5170
43 | 5170
39 | 5170
0 | 5171
88 | 5176
96 | 5176
0 | 5176
70 | 5185
0 | 5187
68 | 5197
93 | 5197
2 | 5198
92 | 5199
0 | 5208
32 | 5209
78 | 5210
22 | 5210
0 | 5213
52 | 5214
0 | 5214
89 | 5215
63 | 5215
15 | 5216
0 | 5217
40 | 5226
4 | 5226
0 | 5227
63 | 5228
0 | 5228
90 | 5228
63 | 5228
39 | 5228
85 | 5228
55 | 5228
0 | 5236
68 | 5241
12 | 5241
57 | 5242
0 | 5243
12 | 5244
76 | 5244
66 | 5249
45 | 5250
3 | 5251
62 | 5251
51 | 5251
89 | 5252
52 | 5253
0 | 5253
46 | 5253
69 | 5253
8 | 5254
0 | 5254
33 | 5255
52 | 5255
65 | 5256
33 | 5257
21 | 5257
39 | 5258
2 | 5259
0 | 5259
27 | 5259
0 | 5267
7 | 5267
32 | 5275
0 | 5275
30 | 5276
0 | 5277
52 | 5278
23 | 5279
77 | 5279
0 | 5279
34 | 5279
0 | 5279
31 | 5280
99 | 5285
91 | 5285
29 | 5286
30 | 5286
0 | 5286
32 | 5293
18 | 5293
88 | 5300
0 | 5301
8 | 5302
0 | 5302
58 | 5302
50 | 5303
0 | 5304
64 | 5305
39 | 5305
0 | 5305
24 | 5310
0 | 5310
23 | 5313
36 | 5314
70 | 5320
63 | 5321
96 | 5321
85 | 5322
59 | 5322
0 | 5322
40 | 5323
0 | 5324
13 | 5324
77 | 5324
29 | 5325
88 | 5325
0 | 5330
3 | 5331
70 | 5331
80 | 5331
71 | 5331
15 | 5337
35 | 5337
0 | 5337
15 | 5344
94 | 5345
0 | 5346
46 | 5347
0 | 5348
72 | 5349
55 | 5350
0 | 5350
71 | 5351
69 | 5360
98 | 5361
25 | 5361
2 | 5361
20 | 5362
52 | 5364
82 | 5364
34 | 5365
0 | 5366
64 | 5366
85 | 5367
0 | 5368
1 | 5368
22 | 5369
34 | 5374
24 | 5375
0 | 5375
20 | 5375
0 | 5375
34 | 5375
0 | 5375
38 | 5380
12 | 5381
99 | 5382
63 | 5383
11 | 5389
70 | 5389
0 | 5389
78 | 5390
73 | 5390
0 | 5397
5 | 5397
47 | 5405
0 | 5411
69 | 5411
0 | 5412
33 | 5412
71 | 5413
20 | 5414
0 | 5414
45 | 5414
2 | 5414
80 | 5417
6 | 5417
85 | 5417
91 | 5418
0 | 5418
20 | 5419
23 | 5419
90 | 5419
77 | 5420
12 | 5421
11 | 5422
0 | 5422
8 | 5432
84 | 5433
89 | 5434
82 | 5435
7 | 5439
25 | 5439
64 | 5439
0 | 5439
89 | 5439
10 | 5441
29 | 5441
44 | 5442
28 | 5442
0 | 5442
90 | 5443
0 | 5450
80 | 5450
35 | 5451
8 | 5452
92 | 5452
93 | 5452
0 | 5452
36 | 5453
0 | 5459
17 | 5467
61 | 5469
74 | 5469
77 | 5470
5 | 5471
14 | 5471
0 | 5471
37 | 5472
26 | 5473
57 | 5477
31 | 5477
0 | 5485
16 | 5491
0 | 5491
69 | 5491
44 | 5492
0 | 5492
87 | 5493
65 | 5497
0 | 5498
34 | 5499
42 | 5499
0 | 5500
86 | 5501
61 | 5501
63 | 5502
12 | 5503
0 | 5503
52 | 5503
79 | 5513
15 | 5517
0 | 5518
41 | 5521
24 | 5521
0 | 5521
41 | 5522
10 | 5523
63 | 5526
0 | 5527
24 | 5528
0 | 5529
75 | 5535
85 | 5535
37 | 5535
28 | 5535
0 | 5536
96 | 5537
95 | 5537
75 | 5537
83 | 5542
2 | 5544
72 | 5545
87 | 5550
26 | 5551
13 | 5552
0 | 5553
54 | 5558
90 | 5558
67 | 5559
0 | 5560
95 | 5560
31 | 5560
0 | 5560
87 | 5561
64 | 5561
71 | 5561
0 | 5562
89 | 5562
13 | 5562
0 | 5562
13 | 5563
7 | 5564
0 | 5565
23 | 5566
0 | 5566
37 | 5566
31 | 5567
63 | 5567
83 | 5567
27 | 5568
34 | 5569
0 | 5570
11 | 5571
16 | 5571
0 | 5571
51 | 5572
58 | 5573
93 | 5574
46 | 5574
0 | 5574
75 | 5574
0 | 5575
75 | 5576
44 | 5576
70 | 5577
56 | 5582
0 | 5582
85 | 5590
0 | 5590
6 | 5591
71 | 5591
0 | 5592
8 | 5593
17 | 5593
23 | 5595
56 | 5596
0 | 5597
22 | 5597
86 | 5603
0 | 5604
47 | 5604
0 | 5605
61 | 5606
35 | 5606
98 | 5607
0 | 5608
44 | 5609
0 | 5611
57 | 5612
37 | 5616
0 | 5616
10 | 5617
11 | 5618
0 | 5618
37 | 5618
67 | 5619
0 | 5620
47 | 5621
0 | 5622
5 | 5623
2 | 5624
0 | 5625
16 | 5625
5 | 5626
69 | 5627
0 | 5627
46 | 5628
86 | 5628
0 | 5629
34 | 5629
90 | 5629
46 | 5629
28 | 5629
66 | 5629
0 | 5629
35 | 5629
0 | 5630
23 | 5631
0 | 5632
80 | 5633
14 | 5634
0 | 5635
12 | 5635
70 | 5635
20 | 5636
62 | 5637
53 | 5638
0 | 5639
94 | 5639
93 | 5639
0 | 5639
66 | 5639
65 | 5640
86 | 5641
1 | 5642
60 | 5643
0 | 5643
68 | 5644
0 | 5645
63 | 5645
30 | 5645
60 | 5646
41 | 5647
80 | 5647
77 | 5647
15 | 5648
8 | 5648
94 | 5649
48 | 5649
72 | 5649
83 | 5649
92 | 5649
40 | 5650
5 | 5650
90 | 5651
93 | 5651
73 | 5651
67 | 5651
8 | 5652
70 | 5653
30 | 5653
65 | 5653
26 | 5653
77 | 5654
25 | 5655
29 | 5655
33 | 5655
29 | 5655
80 | 5656
33 | 5656
1 | 5656
30 | 5656
0 | 5656
52 | 5657
19 | 5657
38 | 5657
13 | 5657
81 | 5658
32 | 5658
64 | 5658
79 | 5658
4 | 5659
27 | 5659
29 | 5659
59 | 5659
68 | 5659
30 | 5659
57 | 5659
63 | 5659
80 | 5659
61 | 5659
3 | 5660
51 | 5660
90 | 5660
