1 | 0
77 | 1
25 | 2
9 | 2
7 | 2
15 | 2
63 | 2
36 | 2
34 | 2
87 | 3
35 | 4
94 | 5
91 | 5
30 | 6
75 | 6
18 | 7
14 | 7
61 | 7
99 | 7
16 | 8
61 | 8
57 | 8
32 | 8
2 | 8
9 | 8
65 | 9
80 | 9
22 | 10
82 | 11
93 | 11
28 | 12
64 | 12
68 | 12
44 | 12
84 | 12
73 | 12
82 | 12
30 | 13
33 | 13
70 | 13
40 | 13
38 | 13
83 | 13
7 | 14
81 | 15
41 | 15
30 | 15
76 | 15
49 | 15
0 | 16
70 | 16
80 | 17
0 | 18
4 | 18
89 | 18
93 | 19
0 | 20
1 | 20
48 | 21
30 | 22
0 | 23
39 | 23
9 | 24
49 | 25
95 | 26
14 | 26
0 | 27
82 | 27
0 | 28
54 | 28
28 | 28
86 | 28
17 | 28
0 | 29
1 | 29
43 | 30
53 | 30
36 | 31
0 | 32
79 | 32
74 | 32
47 | 32
13 | 32
0 | 33
88 | 33
99 | 34
18 | 35
88 | 35
48 | 35
90 | 35
0 | 36
37 | 36
16 | 37
90 | 37
37 | 37
63 | 38
90 | 38
0 | 39
69 | 39
0 | 40
42 | 40
50 | 40
0 | 45
51 | 45
31 | 46
0 | 47
2 | 47
68 | 48
0 | 49
26 | 49
13 | 50
0 | 53
15 | 53
0 | 54
93 | 59
0 | 60
32 | 60
0 | 61
93 | 61
27 | 62
96 | 63
89 | 64
33 | 64
96 | 65
86 | 65
61 | 65
14 | 65
0 | 74
62 | 74
0 | 75
80 | 75
93 | 82
56 | 82
0 | 83
59 | 83
0 | 84
48 | 84
92 | 85
0 | 86
29 | 86
99 | 87
0 | 88
39 | 88
29 | 89
41 | 89
0 | 90
14 | 90
35 | 90
74 | 91
30 | 94
69 | 94
0 | 95
76 | 98
0 | 99
51 | 99
0 | 100
20 | 100
55 | 101
80 | 110
97 | 110
41 | 111
0 | 112
27 | 112
49 | 113
74 | 113
43 | 114
0 | 120
22 | 120
39 | 120
48 | 121
62 | 122
0 | 123
83 | 130
78 | 131
38 | 131
0 | 132
5 | 136
30 | 137
0 | 138
99 | 138
67 | 138
0 | 139
92 | 139
28 | 139
87 | 140
55 | 140
52 | 140
40 | 140
76 | 140
42 | 141
0 | 142
8 | 143
33 | 144
35 | 144
1 | 144
66 | 145
54 | 146
90 | 147
46 | 147
80 | 147
72 | 147
37 | 147
0 | 148
29 | 148
62 | 148
40 | 149
83 | 151
77 | 152
21 | 152
87 | 153
68 | 154
13 | 154
0 | 155
65 | 155
7 | 156
57 | 157
90 | 157
49 | 158
46 | 162
73 | 163
0 | 164
3 | 170
0 | 171
58 | 171
73 | 175
17 | 176
86 | 176
0 | 177
70 | 177
88 | 177
0 | 178
16 | 178
5 | 178
27 | 179
0 | 182
97 | 182
0 | 183
97 | 183
70 | 183
0 | 184
22 | 184
51 | 184
0 | 185
36 | 185
0 | 188
49 | 188
0 | 189
6 | 194
0 | 195
76 | 195
94 | 195
90 | 195
26 | 196
0 | 205
99 | 208
66 | 208
5 | 214
34 | 214
54 | 214
6 | 214
84 | 217
61 | 218
83 | 218
86 | 222
97 | 222
32 | 223
0 | 224
96 | 232
56 | 232
76 | 234
0 | 235
91 | 235
42 | 236
53 | 239
0 | 240
35 | 240
70 | 241
36 | 244
35 | 245
18 | 245
0 | 246
52 | 246
77 | 246
59 | 246
41 | 247
39 | 247
54 | 248
81 | 248
76 | 249
0 | 250
90 | 250
0 | 251
17 | 252
61 | 253
34 | 258
61 | 263
63 | 264
74 | 264
3 | 265
1 | 266
67 | 267
0 | 268
34 | 268
0 | 269
37 | 269
28 | 269
47 | 270
38 | 270
0 | 279
24 | 279
0 | 280
12 | 280
93 | 281
0 | 282
49 | 287
0 | 288
15 | 288
42 | 289
0 | 290
56 | 299
78 | 305
0 | 306
9 | 306
63 | 307
58 | 310
0 | 311
58 | 311
0 | 316
76 | 316
6 | 317
14 | 317
0 | 318
31 | 318
0 | 319
88 | 319
0 | 320
95 | 325
0 | 326
58 | 333
61 | 333
0 | 334
95 | 335
14 | 336
76 | 338
54 | 338
47 | 339
24 | 348
16 | 349
81 | 350
25 | 351
11 | 352
0 | 353
62 | 353
70 | 353
0 | 357
81 | 357
0 | 367
29 | 367
64 | 372
80 | 373
38 | 374
49 | 375
15 | 376
37 | 376
0 | 377
96 | 377
0 | 378
65 | 378
3 | 379
0 | 380
17 | 380
62 | 381
65 | 390
7 | 390
32 | 390
21 | 392
0 | 393
43 | 393
0 | 394
4 | 394
0 | 395
87 | 395
90 | 396
80 | 396
0 | 397
47 | 397
0 | 398
21 | 404
52 | 404
0 | 411
46 | 411
22 | 415
0 | 420
55 | 429
47 | 430
61 | 430
30 | 431
73 | 435
87 | 435
86 | 442
84 | 442
0 | 443
37 | 443
0 | 445
11 | 445
75 | 445
0 | 446
50 | 446
69 | 447
35 | 448
39 | 449
74 | 453
82 | 453
0 | 454
98 | 454
18 | 454
32 | 454
43 | 463
0 | 464
43 | 464
55 | 465
51 | 465
0 | 466
56 | 471
9 | 472
40 | 472
0 | 479
61 | 479
23 | 486
0 | 487
91 | 487
0 | 488
38 | 488
54 | 489
89 | 493
40 | 493
72 | 494
52 | 494
58 | 495
70 | 495
42 | 496
19 | 497
9 | 504
2 | 511
70 | 512
33 | 513
0 | 514
13 | 514
35 | 518
17 | 520
0 | 521
79 | 521
27 | 522
0 | 523
4 | 523
16 | 524
43 | 524
6 | 525
21 | 525
4 | 525
0 | 526
54 | 526
35 | 527
75 | 533
90 | 534
41 | 535
58 | 536
0 | 537
30 | 541
69 | 542
42 | 542
45 | 542
0 | 543
83 | 546
0 | 547
20 | 548
83 | 548
59 | 549
88 | 550
0 | 551
90 | 551
0 | 560
39 | 560
1 | 561
71 | 561
62 | 561
0 | 562
8 | 562
82 | 563
71 | 563
98 | 565
70 | 566
48 | 575
89 | 575
0 | 578
21 | 578
99 | 578
0 | 579
67 | 580
0 | 582
81 | 582
58 | 583
4 | 583
37 | 584
0 | 585
50 | 585
33 | 594
54 | 601
0 | 611
11 | 611
93 | 612
69 | 612
19 | 615
4 | 618
80 | 619
0 | 620
70 | 620
24 | 623
0 | 624
78 | 624
48 | 624
44 | 625
47 | 625
0 | 626
48 | 626
28 | 626
65 | 626
36 | 626
0 | 627
45 | 627
83 | 628
20 | 629
0 | 630
83 | 630
0 | 631
99 | 631
36 | 632
26 | 633
75 | 634
84 | 635
26 | 640
2 | 648
57 | 648
13 | 648
32 | 652
2 | 652
0 | 653
55 | 653
0 | 654
96 | 654
0 | 664
71 | 664
49 | 665
7 | 666
15 | 667
17 | 676
0 | 677
22 | 684
51 | 685
0 | 686
95 | 686
0 | 689
99 | 689
52 | 690
0 | 691
39 | 700
0 | 701
51 | 701
0 | 702
95 | 702
0 | 703
11 | 703
0 | 704
37 | 704
22 | 705
0 | 706
51 | 706
0 | 714
96 | 714
29 | 717
0 | 718
90 | 718
22 | 719
32 | 725
37 | 725
0 | 726
60 | 726
84 | 726
42 | 734
82 | 734
0 | 738
97 | 738
0 | 739
74 | 747
71 | 747
91 | 750
88 | 750
1 | 757
0 | 758
42 | 758
0 | 759
46 | 767
40 | 768
0 | 769
3 | 769
93 | 770
0 | 771
39 | 771
0 | 772
53 | 772
0 | 773
52 | 773
0 | 775
80 | 775
64 | 781
41 | 782
40 | 782
0 | 783
33 | 783
62 | 783
0 | 784
78 | 784
86 | 785
0 | 786
6 | 786
0 | 787
6 | 787
81 | 787
0 | 788
62 | 788
23 | 788
0 | 789
32 | 789
66 | 790
81 | 791
8 | 792
76 | 793
0 | 803
37 | 812
86 | 812
98 | 812
0 | 813
89 | 813
16 | 818
71 | 819
93 | 819
0 | 820
19 | 820
75 | 820
29 | 821
8 | 822
83 | 826
98 | 826
90 | 826
15 | 828
0 | 829
81 | 830
0 | 831
65 | 831
0 | 832
10 | 832
63 | 832
41 | 838
0 | 839
65 | 839
0 | 840
34 | 840
73 | 849
72 | 849
0 | 850
20 | 850
39 | 854
91 | 855
46 | 860
73 | 860
0 | 861
42 | 861
45 | 861
0 | 862
29 | 864
0 | 865
36 | 871
0 | 877
36 | 882
0 | 883
21 | 883
0 | 884
73 | 884
86 | 887
0 | 888
62 | 888
0 | 889
73 | 889
63 | 890
0 | 891
94 | 891
79 | 892
9 | 893
83 | 894
50 | 899
45 | 905
0 | 906
18 | 906
0 | 907
54 | 916
0 | 917
59 | 925
7 | 925
0 | 926
36 | 926
40 | 927
0 | 928
66 | 928
34 | 929
70 | 930
0 | 931
6 | 931
0 | 932
13 | 932
42 | 932
92 | 933
87 | 933
85 | 934
0 | 941
19 | 946
86 | 947
90 | 956
48 | 957
0 | 967
46 | 967
79 | 967
5 | 974
0 | 978
63 | 978
27 | 978
67 | 978
19 | 978
48 | 979
0 | 980
32 | 980
84 | 981
0 | 982
91 | 982
0 | 983
27 | 983
0 | 984
38 | 984
55 | 993
0 | 994
33 | 995
41 | 1005
5 | 1009
36 | 1009
99 | 1010
53 | 1010
79 | 1010
87 | 1017
0 | 1018
62 | 1018
87 | 1019
39 | 1024
31 | 1024
24 | 1024
85 | 1024
22 | 1025
48 | 1032
0 | 1033
92 | 1033
0 | 1035
26 | 1037
24 | 1037
98 | 1037
73 | 1037
14 | 1042
0 | 1043
17 | 1043
93 | 1044
0 | 1046
72 | 1046
6 | 1046
12 | 1047
4 | 1047
96 | 1050
0 | 1051
64 | 1058
76 | 1059
37 | 1064
13 | 1065
46 | 1066
27 | 1067
0 | 1068
88 | 1068
95 | 1069
85 | 1069
89 | 1070
77 | 1070
0 | 1080
21 | 1080
62 | 1080
29 | 1085
43 | 1085
57 | 1086
79 | 1087
99 | 1088
5 | 1088
0 | 1089
43 | 1089
13 | 1099
24 | 1103
0 | 1104
61 | 1104
0 | 1105
43 | 1105
9 | 1105
41 | 1106
35 | 1112
0 | 1113
46 | 1113
0 | 1122
16 | 1129
22 | 1130
28 | 1138
27 | 1146
35 | 1154
45 | 1154
0 | 1155
3 | 1155
9 | 1156
16 | 1157
58 | 1158
48 | 1159
68 | 1159
0 | 1160
46 | 1160
0 | 1161
93 | 1161
3 | 1161
0 | 1162
96 | 1162
30 | 1163
0 | 1164
7 | 1164
73 | 1165
0 | 1166
55 | 1171
5 | 1172
64 | 1173
26 | 1174
20 | 1174
22 | 1181
0 | 1186
5 | 1190
12 | 1191
97 | 1192
0 | 1193
79 | 1193
6 | 1202
34 | 1203
99 | 1204
56 | 1205
79 | 1206
33 | 1214
67 | 1217
44 | 1218
19 | 1218
0 | 1219
30 | 1219
0 | 1220
73 | 1220
1 | 1220
0 | 1221
31 | 1221
0 | 1222
86 | 1222
21 | 1223
29 | 1224
19 | 1225
0 | 1226
18 | 1235
54 | 1236
0 | 1237
36 | 1237
15 | 1238
6 | 1245
31 | 1245
8 | 1245
17 | 1246
73 | 1246
17 | 1246
72 | 1254
51 | 1255
0 | 1257
19 | 1257
38 | 1257
14 | 1258
0 | 1259
87 | 1259
0 | 1260
82 | 1267
50 | 1268
12 | 1268
88 | 1269
59 | 1269
46 | 1272
72 | 1272
0 | 1273
27 | 1273
72 | 1274
66 | 1279
0 | 1280
94 | 1280
0 | 1282
10 | 1282
64 | 1283
80 | 1284
0 | 1285
46 | 1287
0 | 1291
23 | 1291
0 | 1292
75 | 1292
31 | 1298
0 | 1299
11 | 1299
0 | 1300
74 | 1300
0 | 1301
62 | 1301
0 | 1302
1 | 1302
80 | 1303
65 | 1303
0 | 1308
31 | 1308
28 | 1309
0 | 1310
10 | 1310
0 | 1311
3 | 1311
0 | 1312
95 | 1312
18 | 1312
53 | 1313
82 | 1313
11 | 1314
0 | 1315
95 | 1315
93 | 1315
67 | 1316
0 | 1317
58 | 1317
12 | 1318
84 | 1319
0 | 1326
50 | 1326
23 | 1326
50 | 1326
23 | 1326
74 | 1327
2 | 1327
94 | 1327
0 | 1328
67 | 1328
60 | 1329
18 | 1330
92 | 1331
21 | 1331
0 | 1332
86 | 1332
42 | 1332
67 | 1333
0 | 1334
28 | 1334
66 | 1335
29 | 1336
33 | 1337
68 | 1338
3 | 1338
44 | 1338
0 | 1339
27 | 1339
0 | 1340
30 | 1340
75 | 1350
12 | 1350
6 | 1351
13 | 1356
91 | 1357
47 | 1358
11 | 1358
0 | 1359
40 | 1359
37 | 1368
36 | 1370
35 | 1370
68 | 1370
29 | 1371
15 | 1371
51 | 1371
68 | 1371
15 | 1372
68 | 1376
0 | 1380
35 | 1380
69 | 1380
59 | 1380
0 | 1381
53 | 1385
38 | 1385
34 | 1385
0 | 1386
92 | 1386
66 | 1386
50 | 1387
33 | 1387
0 | 1388
31 | 1388
87 | 1389
0 | 1390
91 | 1390
0 | 1391
61 | 1391
36 | 1391
0 | 1392
43 | 1392
0 | 1393
29 | 1393
0 | 1394
15 | 1394
0 | 1399
75 | 1407
4 | 1407
5 | 1414
0 | 1419
2 | 1419
0 | 1421
84 | 1421
87 | 1421
0 | 1422
61 | 1422
5 | 1423
26 | 1433
47 | 1439
0 | 1440
23 | 1440
91 | 1440
28 | 1441
6 | 1441
0 | 1442
72 | 1446
0 | 1451
28 | 1451
30 | 1451
60 | 1458
5 | 1459
0 | 1461
55 | 1461
43 | 1462
9 | 1463
28 | 1464
32 | 1470
0 | 1471
39 | 1473
17 | 1474
73 | 1474
77 | 1475
0 | 1476
24 | 1476
0 | 1477
82 | 1477
0 | 1478
17 | 1478
0 | 1479
61 | 1479
0 | 1480
32 | 1480
36 | 1480
71 | 1481
56 | 1482
67 | 1482
0 | 1486
16 | 1494
37 | 1494
67 | 1495
0 | 1496
90 | 1496
0 | 1497
40 | 1497
96 | 1498
0 | 1507
47 | 1507
95 | 1507
57 | 1508
83 | 1509
45 | 1509
29 | 1510
53 | 1510
81 | 1511
40 | 1512
79 | 1513
0 | 1514
19 | 1514
91 | 1514
0 | 1515
78 | 1515
38 | 1515
36 | 1515
3 | 1516
89 | 1521
0 | 1522
46 | 1522
0 | 1523
40 | 1523
30 | 1527
29 | 1528
2 | 1529
58 | 1529
52 | 1530
69 | 1530
74 | 1531
0 | 1539
62 | 1539
0 | 1540
93 | 1540
2 | 1540
71 | 1540
0 | 1544
49 | 1549
28 | 1549
3 | 1550
94 | 1550
0 | 1551
2 | 1551
0 | 1553
10 | 1556
0 | 1557
99 | 1557
0 | 1558
10 | 1565
29 | 1566
27 | 1567
0 | 1568
63 | 1576
15 | 1585
53 | 1585
39 | 1586
18 | 1587
0 | 1588
62 | 1588
0 | 1589
91 | 1590
45 | 1591
5 | 1591
30 | 1592
27 | 1592
0 | 1600
96 | 1600
30 | 1600
63 | 1601
79 | 1601
54 | 1602
81 | 1603
93 | 1604
0 | 1605
94 | 1605
0 | 1606
94 | 1606
41 | 1607
47 | 1608
71 | 1618
14 | 1624
75 | 1625
0 | 1626
20 | 1626
32 | 1634
0 | 1635
31 | 1635
86 | 1635
70 | 1636
0 | 1637
43 | 1637
64 | 1644
79 | 1645
0 | 1646
91 | 1646
0 | 1647
4 | 1647
56 | 1648
0 | 1649
63 | 1649
15 | 1657
0 | 1661
74 | 1661
0 | 1662
71 | 1662
65 | 1662
0 | 1668
98 | 1675
0 | 1676
77 | 1676
0 | 1677
38 | 1677
0 | 1678
47 | 1678
0 | 1684
26 | 1684
69 | 1684
52 | 1693
85 | 1694
18 | 1694
92 | 1703
85 | 1712
0 | 1713
33 | 1713
35 | 1713
81 | 1716
97 | 1718
70 | 1719
0 | 1728
16 | 1728
0 | 1737
67 | 1737
0 | 1738
54 | 1738
41 | 1738
8 | 1738
10 | 1739
6 | 1740
17 | 1740
0 | 1741
60 | 1741
0 | 1746
34 | 1746
51 | 1746
0 | 1747
19 | 1747
0 | 1748
87 | 1748
90 | 1748
0 | 1749
28 | 1752
41 | 1753
0 | 1754
57 | 1754
75 | 1754
42 | 1755
59 | 1755
74 | 1755
0 | 1756
92 | 1756
0 | 1760
3 | 1760
33 | 1761
89 | 1768
60 | 1774
67 | 1774
55 | 1775
95 | 1776
23 | 1777
0 | 1778
8 | 1782
0 | 1783
6 | 1783
92 | 1784
93 | 1788
91 | 1788
0 | 1789
24 | 1789
46 | 1789
98 | 1789
0 | 1796
44 | 1796
0 | 1797
79 | 1797
15 | 1798
0 | 1799
78 | 1799
50 | 1800
55 | 1808
70 | 1809
34 | 1810
61 | 1811
50 | 1812
0 | 1820
13 | 1820
68 | 1820
3 | 1820
52 | 1823
2 | 1824
0 | 1825
82 | 1834
16 | 1835
0 | 1836
74 | 1836
48 | 1837
26 | 1838
43 | 1839
0 | 1840
35 | 1840
0 | 1841
51 | 1844
73 | 1844
63 | 1845
13 | 1845
36 | 1845
2 | 1846
99 | 1846
54 | 1846
88 | 1846
37 | 1847
22 | 1857
56 | 1861
18 | 1862
36 | 1863
0 | 1864
87 | 1864
19 | 1864
5 | 1864
40 | 1864
0 | 1874
57 | 1874
0 | 1875
12 | 1875
61 | 1885
7 | 1889
36 | 1889
0 | 1890
37 | 1890
77 | 1891
0 | 1892
71 | 1892
52 | 1892
0 | 1893
64 | 1893
0 | 1894
66 | 1903
89 | 1903
30 | 1903
0 | 1904
27 | 1905
38 | 1905
6 | 1905
34 | 1905
0 | 1906
90 | 1906
0 | 1907
42 | 1907
77 | 1908
24 | 1909
42 | 1909
0 | 1910
6 | 1913
39 | 1914
15 | 1924
0 | 1925
19 | 1926
29 | 1926
68 | 1926
55 | 1927
19 | 1927
0 | 1928
51 | 1928
69 | 1928
0 | 1929
72 | 1929
60 | 1930
0 | 1934
4 | 1934
29 | 1943
84 | 1950
0 | 1958
24 | 1958
23 | 1958
0 | 1959
20 | 1959
0 | 1960
57 | 1962
84 | 1962
0 | 1963
98 | 1969
52 | 1975
0 | 1976
36 | 1976
38 | 1976
0 | 1981
64 | 1981
65 | 1981
46 | 1982
7 | 1983
39 | 1984
69 | 1984
0 | 1992
18 | 1992
77 | 1993
0 | 1994
90 | 1994
34 | 2001
81 | 2002
0 | 2003
88 | 2003
99 | 2004
0 | 2005
97 | 2005
11 | 2006
3 | 2006
0 | 2007
86 | 2007
33 | 2007
0 | 2008
17 | 2008
95 | 2008
19 | 2011
48 | 2011
93 | 2011
22 | 2012
24 | 2013
86 | 2014
73 | 2014
0 | 2015
45 | 2023
25 | 2024
10 | 2029
92 | 2038
63 | 2038
85 | 2039
68 | 2040
75 | 2046
72 | 2046
0 | 2056
39 | 2061
0 | 2062
33 | 2062
91 | 2062
0 | 2063
60 | 2063
46 | 2063
80 | 2064
0 | 2065
43 | 2065
37 | 2066
0 | 2072
19 | 2072
88 | 2073
46 | 2074
19 | 2074
10 | 2074
0 | 2078
1 | 2078
0 | 2079
46 | 2079
0 | 2080
75 | 2089
66 | 2091
0 | 2092
79 | 2092
59 | 2093
0 | 2094
87 | 2097
27 | 2097
78 | 2098
52 | 2098
74 | 2098
0 | 2099
19 | 2099
13 | 2099
89 | 2099
16 | 2100
60 | 2100
30 | 2106
0 | 2112
93 | 2112
45 | 2112
50 | 2113
0 | 2114
35 | 2114
42 | 2115
48 | 2115
0 | 2116
55 | 2116
36 | 2116
0 | 2117
44 | 2117
0 | 2118
95 | 2125
0 | 2126
49 | 2126
0 | 2127
1 | 2136
0 | 2137
80 | 2137
5 | 2137
4 | 2137
0 | 2138
10 | 2138
0 | 2139
60 | 2139
48 | 2140
54 | 2141
19 | 2141
0 | 2142
6 | 2142
44 | 2142
11 | 2143
0 | 2144
55 | 2144
49 | 2148
0 | 2149
53 | 2149
97 | 2150
86 | 2151
52 | 2152
26 | 2153
5 | 2154
0 | 2155
96 | 2155
62 | 2155
0 | 2156
74 | 2156
81 | 2157
26 | 2158
48 | 2158
0 | 2159
58 | 2159
0 | 2160
62 | 2160
39 | 2166
0 | 2167
74 | 2167
42 | 2167
97 | 2168
0 | 2176
30 | 2176
20 | 2177
18 | 2178
46 | 2179
86 | 2179
41 | 2180
0 | 2181
46 | 2181
72 | 2181
2 | 2181
0 | 2189
88 | 2189
3 | 2190
35 | 2190
21 | 2191
0 | 2192
1 | 2192
88 | 2192
95 | 2193
0 | 2194
72 | 2202
0 | 2203
98 | 2208
0 | 2209
25 | 2209
0 | 2210
17 | 2210
32 | 2211
0 | 2212
53 | 2212
67 | 2212
52 | 2212
68 | 2212
0 | 2213
93 | 2217
5 | 2217
42 | 2217
0 | 2218
22 | 2221
61 | 2221
32 | 2221
59 | 2230
2 | 2231
48 | 2232
20 | 2233
97 | 2233
0 | 2234
62 | 2234
70 | 2235
37 | 2236
0 | 2237
67 | 2237
12 | 2237
0 | 2238
88 | 2242
18 | 2242
0 | 2243
27 | 2243
13 | 2244
30 | 2244
0 | 2245
53 | 2245
78 | 2246
37 | 2246
78 | 2247
0 | 2249
94 | 2258
0 | 2259
85 | 2259
0 | 2262
69 | 2262
0 | 2264
63 | 2264
38 | 2265
34 | 2268
16 | 2268
73 | 2276
0 | 2277
93 | 2278
0 | 2279
14 | 2279
5 | 2280
0 | 2281
11 | 2281
32 | 2282
53 | 2282
80 | 2282
33 | 2283
99 | 2284
0 | 2290
47 | 2290
66 | 2299
0 | 2300
90 | 2300
32 | 2301
46 | 2301
0 | 2302
47 | 2302
0 | 2303
10 | 2303
0 | 2304
57 | 2304
0 | 2305
62 | 2305
13 | 2305
0 | 2306
32 | 2306
78 | 2306
0 | 2307
83 | 2307
42 | 2307
8 | 2307
74 | 2307
0 | 2308
89 | 2308
0 | 2309
78 | 2311
0 | 2312
34 | 2312
53 | 2312
41 | 2312
0 | 2320
27 | 2320
59 | 2320
55 | 2325
21 | 2333
50 | 2334
66 | 2334
35 | 2335
0 | 2336
9 | 2341
0 | 2342
68 | 2342
77 | 2350
53 | 2350
84 | 2350
80 | 2350
97 | 2350
11 | 2356
96 | 2357
0 | 2358
34 | 2358
0 | 2359
34 | 2359
11 | 2360
31 | 2361
0 | 2362
68 | 2362
0 | 2363
87 | 2368
66 | 2368
0 | 2370
95 | 2370
67 | 2371
82 | 2372
0 | 2376
69 | 2376
54 | 2377
0 | 2383
2 | 2383
0 | 2384
66 | 2384
0 | 2394
57 | 2394
0 | 2395
15 | 2395
0 | 2396
83 | 2396
3 | 2396
2 | 2396
84 | 2397
72 | 2397
14 | 2397
20 | 2398
0 | 2399
21 | 2408
97 | 2408
0 | 2409
8 | 2409
78 | 2409
48 | 2409
0 | 2410
81 | 2410
52 | 2411
82 | 2412
88 | 2413
0 | 2414
29 | 2414
0 | 2417
56 | 2422
0 | 2423
55 | 2423
94 | 2424
31 | 2425
79 | 2425
87 | 2430
76 | 2433
38 | 2434
0 | 2435
43 | 2435
38 | 2435
81 | 2436
65 | 2437
0 | 2439
90 | 2439
0 | 2440
27 | 2440
91 | 2441
26 | 2442
55 | 2442
0 | 2443
80 | 2443
0 | 2444
70 | 2444
0 | 2445
96 | 2445
0 | 2446
94 | 2446
57 | 2447
0 | 2455
14 | 2455
0 | 2456
96 | 2456
0 | 2459
17 | 2467
71 | 2475
1 | 2476
11 | 2477
91 | 2477
95 | 2487
64 | 2488
0 | 2489
54 | 2489
38 | 2489
0 | 2490
24 | 2490
79 | 2490
0 | 2491
69 | 2491
12 | 2491
67 | 2497
68 | 2498
59 | 2498
97 | 2498
0 | 2499
60 | 2499
0 | 2507
77 | 2507
51 | 2508
83 | 2509
0 | 2510
13 | 2510
54 | 2510
31 | 2510
41 | 2512
54 | 2512
6 | 2514
0 | 2515
93 | 2515
22 | 2515
0 | 2516
29 | 2516
20 | 2517
0 | 2518
75 | 2518
48 | 2518
16 | 2519
0 | 2520
34 | 2522
81 | 2526
5 | 2526
0 | 2527
32 | 2527
14 | 2528
52 | 2533
0 | 2539
65 | 2539
21 | 2542
47 | 2542
0 | 2543
91 | 2543
13 | 2544
0 | 2545
48 | 2545
19 | 2546
85 | 2546
0 | 2547
34 | 2547
15 | 2548
44 | 2550
42 | 2550
40 | 2557
43 | 2557
0 | 2558
36 | 2558
63 | 2564
0 | 2570
92 | 2570
0 | 2571
10 | 2571
76 | 2574
35 | 2581
18 | 2585
0 | 2586
13 | 2586
20 | 2587
0 | 2589
6 | 2595
56 | 2595
0 | 2596
33 | 2596
76 | 2596
14 | 2597
37 | 2598
0 | 2606
3 | 2606
70 | 2606
60 | 2607
29 | 2607
9 | 2608
0 | 2616
96 | 2616
0 | 2617
29 | 2617
0 | 2618
97 | 2624
25 | 2631
5 | 2631
89 | 2631
0 | 2632
40 | 2632
0 | 2633
31 | 2633
0 | 2634
18 | 2634
29 | 2635
5 | 2636
91 | 2638
80 | 2639
4 | 2640
18 | 2640
0 | 2641
65 | 2641
40 | 2641
0 | 2642
26 | 2642
0 | 2643
49 | 2643
0 | 2644
93 | 2644
99 | 2645
79 | 2646
0 | 2647
24 | 2647
0 | 2648
65 | 2648
93 | 2649
0 | 2650
26 | 2650
12 | 2650
0 | 2654
90 | 2654
54 | 2655
90 | 2656
27 | 2657
21 | 2657
0 | 2658
46 | 2658
51 | 2659
0 | 2664
99 | 2664
97 | 2668
42 | 2669
74 | 2670
0 | 2671
37 | 2671
11 | 2672
53 | 2673
58 | 2683
26 | 2684
0 | 2685
25 | 2685
24 | 2690
66 | 2691
74 | 2691
87 | 2691
76 | 2691
0 | 2692
59 | 2692
3 | 2693
31 | 2694
0 | 2695
84 | 2695
0 | 2696
88 | 2696
81 | 2697
0 | 2705
38 | 2705
40 | 2706
81 | 2714
67 | 2714
0 | 2715
49 | 2715
0 | 2716
28 | 2716
0 | 2719
9 | 2719
32 | 2720
0 | 2723
3 | 2725
34 | 2725
0 | 2726
27 | 2726
0 | 2727
76 | 2727
32 | 2727
0 | 2728
16 | 2737
0 | 2738
32 | 2738
46 | 2738
63 | 2745
0 | 2747
18 | 2747
83 | 2747
27 | 2757
61 | 2758
50 | 2766
53 | 2766
0 | 2769
52 | 2769
39 | 2769
0 | 2770
2 | 2770
1 | 2771
80 | 2772
53 | 2772
45 | 2772
71 | 2772
0 | 2773
31 | 2773
75 | 2773
0 | 2774
5 | 2774
0 | 2775
36 | 2775
0 | 2776
5 | 2776
0 | 2777
4 | 2777
41 | 2778
51 | 2778
58 | 2781
0 | 2782
47 | 2782
7 | 2782
41 | 2782
58 | 2784
0 | 2785
63 | 2785
86 | 2786
90 | 2787
0 | 2788
75 | 2788
0 | 2795
48 | 2800
62 | 2801
0 | 2802
92 | 2802
0 | 2803
82 | 2803
0 | 2804
61 | 2804
16 | 2807
12 | 2807
0 | 2808
36 | 2808
80 | 2808
79 | 2815
54 | 2815
0 | 2816
7 | 2821
74 | 2828
0 | 2829
87 | 2829
48 | 2830
96 | 2836
59 | 2837
52 | 2837
41 | 2837
14 | 2838
5 | 2838
0 | 2839
41 | 2846
0 | 2847
8 | 2847
61 | 2848
0 | 2849
53 | 2849
77 | 2856
0 | 2857
10 | 2860
5 | 2860
0 | 2869
69 | 2869
33 | 2870
85 | 2871
0 | 2872
41 | 2872
53 | 2872
86 | 2872
6 | 2880
0 | 2888
85 | 2888
0 | 2889
20 | 2889
48 | 2894
67 | 2895
5 | 2895
0 | 2896
86 | 2896
46 | 2896
30 | 2899
17 | 2900
23 | 2900
69 | 2900
77 | 2901
5 | 2902
91 | 2902
0 | 2903
25 | 2903
0 | 2904
23 | 2904
18 | 2904
38 | 2904
49 | 2905
11 | 2905
28 | 2906
0 | 2907
10 | 2913
20 | 2914
18 | 2914
43 | 2923
0 | 2924
30 | 2933
80 | 2934
0 | 2935
19 | 2935
96 | 2943
7 | 2944
0 | 2946
80 | 2946
44 | 2947
35 | 2947
19 | 2947
25 | 2947
89 | 2947
0 | 2948
5 | 2948
0 | 2953
55 | 2953
42 | 2960
0 | 2961
69 | 2961
95 | 2964
58 | 2964
34 | 2964
52 | 2965
79 | 2965
16 | 2965
22 | 2965
43 | 2965
0 | 2966
66 | 2966
53 | 2974
81 | 2974
21 | 2974
86 | 2974
0 | 2975
96 | 2975
0 | 2976
84 | 2982
0 | 2983
28 | 2983
6 | 2983
0 | 2984
64 | 2984
0 | 2988
2 | 2988
1 | 2990
0 | 2991
77 | 2991
84 | 2992
40 | 2992
10 | 3001
40 | 3002
26 | 3003
0 | 3009
19 | 3009
23 | 3009
26 | 3010
0 | 3011
69 | 3013
90 | 3014
0 | 3015
96 | 3015
0 | 3016
39 | 3024
42 | 3024
32 | 3024
0 | 3025
6 | 3025
33 | 3025
55 | 3026
10 | 3031
12 | 3032
0 | 3033
14 | 3035
71 | 3041
0 | 3045
88 | 3045
69 | 3046
0 | 3047
53 | 3047
0 | 3048
44 | 3048
24 | 3048
80 | 3048
54 | 3048
85 | 3050
0 | 3051
53 | 3051
35 | 3051
0 | 3052
26 | 3052
0 | 3055
63 | 3055
0 | 3056
94 | 3056
99 | 3060
68 | 3062
17 | 3062
0 | 3063
3 | 3063
79 | 3064
50 | 3064
19 | 3064
81 | 3065
29 | 3065
0 | 3066
88 | 3075
21 | 3075
64 | 3076
73 | 3077
10 | 3077
0 | 3078
48 | 3078
0 | 3079
5 | 3079
0 | 3080
56 | 3080
58 | 3080
71 | 3080
51 | 3080
30 | 3080
82 | 3081
42 | 3089
7 | 3090
48 | 3090
44 | 3100
31 | 3108
13 | 3109
48 | 3110
16 | 3112
0 | 3121
12 | 3121
0 | 3122
79 | 3131
0 | 3140
58 | 3147
41 | 3148
0 | 3151
11 | 3151
0 | 3152
23 | 3152
44 | 3152
0 | 3153
63 | 3153
0 | 3154
28 | 3154
55 | 3154
81 | 3154
41 | 3154
0 | 3155
74 | 3155
6 | 3156
0 | 3157
9 | 3161
84 | 3162
83 | 3163
45 | 3165
5 | 3166
55 | 3167
0 | 3168
19 | 3171
65 | 3172
80 | 3172
0 | 3173
95 | 3173
0 | 3177
52 | 3177
28 | 3177
42 | 3178
88 | 3178
0 | 3179
46 | 3179
26 | 3184
0 | 3185
40 | 3185
49 | 3186
34 | 3186
61 | 3187
50 | 3188
20 | 3196
88 | 3203
56 | 3204
2 | 3212
0 | 3213
69 | 3213
16 | 3214
54 | 3215
0 | 3216
57 | 3216
15 | 3217
70 | 3217
68 | 3218
46 | 3226
0 | 3229
93 | 3229
0 | 3233
50 | 3233
67 | 3234
33 | 3235
47 | 3235
53 | 3235
50 | 3243
0 | 3244
24 | 3244
71 | 3245
88 | 3246
80 | 3247
0 | 3248
18 | 3248
45 | 3249
0 | 3250
75 | 3250
92 | 3251
64 | 3260
85 | 3260
0 | 3261
40 | 3261
0 | 3262
1 | 3262
75 | 3262
1 | 3263
87 | 3263
0 | 3264
19 | 3264
0 | 3265
34 | 3271
4 | 3272
87 | 3272
0 | 3281
99 | 3283
48 | 3284
5 | 3285
52 | 3285
3 | 3286
89 | 3286
0 | 3287
29 | 3287
72 | 3288
78 | 3288
18 | 3288
52 | 3289
2 | 3289
0 | 3290
72 | 3290
77 | 3298
48 | 3298
0 | 3302
38 | 3302
29 | 3303
53 | 3304
0 | 3305
7 | 3305
10 | 3306
0 | 3307
82 | 3307
0 | 3308
33 | 3308
19 | 3309
62 | 3310
0 | 3317
90 | 3317
39 | 3325
37 | 3325
80 | 3326
93 | 3328
0 | 3329
53 | 3329
55 | 3329
0 | 3330
35 | 3338
0 | 3348
98 | 3348
21 | 3348
26 | 3348
0 | 3349
6 | 3349
46 | 3349
0 | 3350
69 | 3351
9 | 3351
0 | 3361
39 | 3361
29 | 3361
0 | 3362
75 | 3362
0 | 3363
90 | 3363
78 | 3363
0 | 3372
76 | 3372
27 | 3372
45 | 3373
26 | 3373
60 | 3373
0 | 3375
38 | 3375
88 | 3376
0 | 3377
25 | 3377
0 | 3378
97 | 3384
42 | 3385
0 | 3386
9 | 3386
53 | 3386
0 | 3387
47 | 3387
2 | 3388
0 | 3392
23 | 3392
93 | 3392
53 | 3392
93 | 3401
68 | 3402
0 | 3403
67 | 3403
0 | 3404
69 | 3407
16 | 3408
71 | 3408
25 | 3408
0 | 3411
82 | 3411
0 | 3412
11 | 3415
45 | 3418
86 | 3419
98 | 3421
0 | 3422
89 | 3422
37 | 3423
22 | 3424
43 | 3428
61 | 3428
53 | 3429
38 | 3430
0 | 3431
95 | 3431
0 | 3435
18 | 3435
14 | 3436
0 | 3437
22 | 3439
0 | 3440
28 | 3440
95 | 3443
66 | 3444
26 | 3445
0 | 3446
75 | 3446
61 | 3450
29 | 3451
58 | 3461
66 | 3461
49 | 3462
0 | 3463
75 | 3463
89 | 3464
3 | 3464
4 | 3465
43 | 3466
0 | 3467
94 | 3467
12 | 3475
22 | 3476
98 | 3476
48 | 3482
46 | 3486
0 | 3487
99 | 3487
0 | 3488
10 | 3488
0 | 3489
7 | 3489
70 | 3495
76 | 3496
84 | 3501
8 | 3501
33 | 3502
94 | 3509
63 | 3510
21 | 3511
0 | 3512
19 | 3512
49 | 3513
0 | 3514
21 | 3514
0 | 3515
60 | 3515
98 | 3515
35 | 3515
17 | 3515
42 | 3516
0 | 3517
2 | 3523
25 | 3532
0 | 3533
38 | 3533
0 | 3534
4 | 3543
0 | 3544
33 | 3544
62 | 3545
0 | 3546
86 | 3546
0 | 3547
83 | 3547
98 | 3547
0 | 3548
49 | 3548
31 | 3548
55 | 3549
84 | 3550
96 | 3551
0 | 3552
96 | 3552
50 | 3553
86 | 3554
83 | 3554
0 | 3561
23 | 3561
45 | 3562
0 | 3563
71 | 3563
1 | 3571
94 | 3572
0 | 3573
63 | 3573
0 | 3574
36 | 3582
83 | 3586
89 | 3586
99 | 3587
79 | 3588
0 | 3589
45 | 3589
62 | 3592
0 | 3593
9 | 3593
60 | 3593
49 | 3593
84 | 3594
52 | 3595
67 | 3595
78 | 3595
0 | 3596
64 | 3596
10 | 3597
22 | 3597
80 | 3597
0 | 3605
27 | 3605
0 | 3606
90 | 3606
79 | 3606
35 | 3610
27 | 3610
50 | 3610
75 | 3610
0 | 3611
87 | 3611
78 | 3612
61 | 3613
84 | 3614
99 | 3615
64 | 3621
33 | 3621
99 | 3622
67 | 3623
0 | 3624
2 | 3625
51 | 3625
93 | 3625
58 | 3628
60 | 3629
34 | 3630
0 | 3631
81 | 3631
11 | 3631
0 | 3632
24 | 3632
48 | 3632
31 | 3632
3 | 3640
36 | 3641
0 | 3642
76 | 3642
0 | 3650
87 | 3650
13 | 3650
22 | 3651
6 | 3651
1 | 3652
2 | 3652
72 | 3653
50 | 3654
27 | 3655
80 | 3655
0 | 3656
77 | 3656
38 | 3657
79 | 3657
0 | 3658
38 | 3658
0 | 3659
18 | 3659
0 | 3660
79 | 3660
31 | 3660
0 | 3661
72 | 3661
0 | 3662
88 | 3664
56 | 3665
19 | 3674
18 | 3675
2 | 3676
0 | 3677
16 | 3686
0 | 3687
72 | 3692
37 | 3693
66 | 3695
9 | 3696
0 | 3697
4 | 3697
0 | 3698
70 | 3698
6 | 3699
36 | 3700
41 | 3700
0 | 3701
11 | 3701
0 | 3702
1 | 3702
13 | 3702
0 | 3703
73 | 3703
56 | 3703
55 | 3704
0 | 3705
81 | 3705
63 | 3706
0 | 3707
72 | 3707
42 | 3707
30 | 3716
10 | 3716
91 | 3722
72 | 3723
46 | 3723
9 | 3731
53 | 3732
82 | 3732
0 | 3733
76 | 3733
62 | 3734
31 | 3736
58 | 3745
76 | 3746
85 | 3748
26 | 3748
5 | 3748
95 | 3748
0 | 3749
14 | 3754
5 | 3754
93 | 3755
0 | 3756
63 | 3756
0 | 3757
3 | 3757
58 | 3764
17 | 3765
0 | 3766
19 | 3766
81 | 3767
55 | 3768
47 | 3768
0 | 3769
51 | 3777
7 | 3777
10 | 3777
96 | 3777
28 | 3777
69 | 3777
88 | 3778
80 | 3779
0 | 3782
88 | 3782
68 | 3782
51 | 3789
0 | 3790
6 | 3790
65 | 3791
2 | 3795
49 | 3795
33 | 3795
7 | 3796
25 | 3797
0 | 3798
25 | 3798
70 | 3798
0 | 3799
11 | 3799
74 | 3802
0 | 3803
37 | 3803
2 | 3804
46 | 3805
79 | 3812
0 | 3813
43 | 3813
98 | 3814
0 | 3821
50 | 3821
51 | 3822
32 | 3822
0 | 3823
36 | 3823
83 | 3824
27 | 3824
17 | 3825
0 | 3833
54 | 3833
0 | 3834
71 | 3834
0 | 3843
70 | 3843
0 | 3844
94 | 3844
74 | 3845
0 | 3846
4 | 3846
62 | 3847
24 | 3847
0 | 3848
42 | 3848
64 | 3849
0 | 3850
26 | 3856
65 | 3857
2 | 3863
82 | 3864
3 | 3865
40 | 3866
0 | 3867
37 | 3867
81 | 3868
61 | 3868
0 | 3869
24 | 3869
40 | 3869
17 | 3869
68 | 3869
0 | 3870
46 | 3870
91 | 3870
0 | 3878
13 | 3881
0 | 3882
34 | 3890
0 | 3891
35 | 3897
87 | 3898
0 | 3899
58 | 3899
0 | 3905
38 | 3905
14 | 3905
16 | 3909
88 | 3909
84 | 3909
0 | 3918
73 | 3926
0 | 3927
51 | 3927
0 | 3928
68 | 3931
31 | 3931
99 | 3932
21 | 3932
34 | 3933
0 | 3941
96 | 3941
41 | 3941
0 | 3949
47 | 3949
0 | 3950
89 | 3950
0 | 3951
78 | 3952
56 | 3952
0 | 3953
58 | 3953
27 | 3956
80 | 3956
0 | 3957
98 | 3957
81 | 3958
0 | 3959
30 | 3968
0 | 3969
8 | 3969
61 | 3970
10 | 3970
58 | 3974
39 | 3978
2 | 3979
46 | 3979
9 | 3980
85 | 3980
0 | 3981
68 | 3981
0 | 3982
82 | 3982
93 | 3983
60 | 3984
36 | 3985
0 | 3987
44 | 3987
0 | 3988
59 | 3988
0 | 3991
99 | 3991
47 | 3991
60 | 3991
0 | 3992
18 | 3992
92 | 3993
84 | 3994
69 | 3996
36 | 3996
90 | 4004
79 | 4004
4 | 4005
0 | 4006
99 | 4006
0 | 4007
9 | 4010
64 | 4010
0 | 4011
21 | 4011
0 | 4012
98 | 4012
72 | 4019
12 | 4019
0 | 4020
69 | 4020
1 | 4024
66 | 4024
89 | 4024
0 | 4025
65 | 4025
23 | 4032
39 | 4033
54 | 4033
56 | 4038
0 | 4039
65 | 4039
96 | 4039
30 | 4040
77 | 4040
61 | 4048
58 | 4048
15 | 4050
3 | 4053
89 | 4054
0 | 4055
32 | 4055
0 | 4056
56 | 4062
31 | 4063
0 | 4064
90 | 4064
2 | 4065
44 | 4067
6 | 4068
42 | 4069
73 | 4070
0 | 4071
26 | 4079
0 | 4080
46 | 4080
0 | 4081
43 | 4081
55 | 4082
25 | 4083
11 | 4084
0 | 4085
45 | 4085
2 | 4088
65 | 4089
0 | 4090
98 | 4090
95 | 4097
9 | 4097
15 | 4100
28 | 4101
15 | 4101
66 | 4101
0 | 4102
23 | 4102
12 | 4103
98 | 4107
61 | 4107
24 | 4108
56 | 4111
95 | 4112
73 | 4112
34 | 4113
16 | 4123
63 | 4129
68 | 4137
0 | 4143
5 | 4143
0 | 4144
43 | 4144
42 | 4144
73 | 4144
0 | 4145
34 | 4145
7 | 4146
25 | 4147
0 | 4148
27 | 4148
86 | 4149
0 | 4150
58 | 4150
75 | 4150
54 | 4150
96 | 4156
84 | 4156
0 | 4165
78 | 4165
0 | 4175
99 | 4177
0 | 4178
59 | 4178
77 | 4178
30 | 4178
0 | 4179
68 | 4179
81 | 4180
49 | 4181
34 | 4181
0 | 4182
41 | 4182
86 | 4183
0 | 4188
55 | 4188
0 | 4189
13 | 4189
77 | 4189
6 | 4189
97 | 4189
8 | 4189
0 | 4190
85 | 4191
62 | 4191
58 | 4192
0 | 4193
61 | 4193
0 | 4194
22 | 4201
86 | 4205
24 | 4205
0 | 4206
13 | 4211
14 | 4217
0 | 4220
15 | 4220
30 | 4221
91 | 4222
18 | 4227
3 | 4228
59 | 4229
48 | 4235
2 | 4243
21 | 4243
43 | 4243
91 | 4251
9 | 4258
0 | 4259
78 | 4259
27 | 4259
97 | 4259
35 | 4260
0 | 4261
2 | 4261
0 | 4262
18 | 4263
98 | 4263
0 | 4267
17 | 4267
0 | 4268
26 | 4268
67 | 4272
68 | 4273
0 | 4274
95 | 4274
46 | 4274
0 | 4275
20 | 4276
63 | 4277
13 | 4279
63 | 4280
5 | 4280
16 | 4280
65 | 4280
28 | 4281
0 | 4282
83 | 4282
0 | 4283
35 | 4283
1 | 4289
48 | 4289
64 | 4290
0 | 4291
91 | 4291
78 | 4292
0 | 4293
3 | 4293
41 | 4302
0 | 4303
99 | 4303
8 | 4303
0 | 4304
33 | 4310
82 | 4311
76 | 4312
0 | 4313
30 | 4313
57 | 4313
54 | 4313
19 | 4313
38 | 4314
51 | 4314
0 | 4315
25 | 4315
92 | 4315
0 | 4316
65 | 4316
46 | 4316
98 | 4316
0 | 4324
11 | 4324
3 | 4329
0 | 4338
11 | 4338
13 | 4338
62 | 4338
0 | 4339
64 | 4339
65 | 4339
3 | 4340
28 | 4340
32 | 4340
0 | 4341
40 | 4341
77 | 4341
95 | 4341
14 | 4341
0 | 4342
37 | 4342
61 | 4343
47 | 4343
6 | 4352
0 | 4353
72 | 4353
0 | 4354
2 | 4354
95 | 4356
64 | 4357
0 | 4365
6 | 4374
75 | 4374
0 | 4375
19 | 4375
9 | 4375
33 | 4375
83 | 4383
39 | 4384
40 | 4385
57 | 4386
33 | 4387
76 | 4395
39 | 4396
22 | 4396
4 | 4396
0 | 4397
15 | 4397
90 | 4398
0 | 4399
35 | 4402
9 | 4403
0 | 4404
29 | 4411
10 | 4412
4 | 4412
91 | 4420
0 | 4421
17 | 4421
71 | 4422
56 | 4422
4 | 4423
71 | 4424
63 | 4427
81 | 4427
44 | 4431
81 | 4431
0 | 4432
56 | 4432
61 | 4432
78 | 4432
37 | 4433
10 | 4439
60 | 4440
43 | 4441
0 | 4448
95 | 4448
32 | 4448
68 | 4449
64 | 4450
14 | 4451
42 | 4454
27 | 4455
49 | 4456
24 | 4465
51 | 4465
0 | 4466
41 | 4468
96 | 4469
0 | 4470
4 | 4470
0 | 4471
74 | 4471
0 | 4472
17 | 4476
0 | 4477
61 | 4477
4 | 4478
0 | 4479
31 | 4479
90 | 4480
27 | 4480
94 | 4480
68 | 4481
5 | 4482
0 | 4483
30 | 4483
83 | 4483
0 | 4484
33 | 4484
97 | 4485
41 | 4487
81 | 4487
0 | 4493
29 | 4493
88 | 4494
36 | 4499
0 | 4500
38 | 4500
0 | 4503
99 | 4503
0 | 4504
48 | 4506
0 | 4507
2 | 4507
70 | 4507
0 | 4516
93 | 4516
13 | 4517
0 | 4518
52 | 4518
0 | 4519
13 | 4519
62 | 4520
39 | 4527
81 | 4528
0 | 4529
70 | 4532
0 | 4533
43 | 4542
76 | 4542
11 | 4543
21 | 4544
0 | 4545
90 | 4545
0 | 4546
80 | 4546
90 | 4547
17 | 4548
16 | 4548
0 | 4557
49 | 4557
67 | 4558
40 | 4558
2 | 4559
32 | 4559
13 | 4560
0 | 4561
22 | 4561
0 | 4562
9 | 4566
95 | 4566
34 | 4571
10 | 4574
0 | 4575
52 | 4575
2 | 4575
0 | 4583
42 | 4583
88 | 4586
46 | 4586
80 | 4586
8 | 4586
0 | 4587
2 | 4587
78 | 4588
70 | 4589
0 | 4590
48 | 4590
89 | 4590
38 | 4590
0 | 4591
20 | 4591
35 | 4598
13 | 4599
48 | 4599
18 | 4607
0 | 4610
23 | 4610
32 | 4620
30 | 4621
0 | 4623
24 | 4623
43 | 4624
13 | 4624
0 | 4625
26 | 4629
0 | 4638
85 | 4638
0 | 4639
3 | 4639
67 | 4642
0 | 4643
31 | 4643
90 | 4644
73 | 4644
0 | 4645
64 | 4648
0 | 4649
16 | 4649
12 | 4656
0 | 4660
41 | 4660
17 | 4660
6 | 4661
95 | 4661
81 | 4662
43 | 4663
0 | 4665
92 | 4665
93 | 4666
8 | 4674
41 | 4674
0 | 4675
34 | 4684
99 | 4685
31 | 4686
0 | 4687
69 | 4687
31 | 4688
76 | 4688
0 | 4689
21 | 4690
94 | 4691
46 | 4691
24 | 4691
83 | 4694
0 | 4695
67 | 4695
19 | 4696
78 | 4697
69 | 4698
93 | 4698
89 | 4699
80 | 4699
59 | 4700
0 | 4701
36 | 4701
44 | 4709
5 | 4712
98 | 4712
72 | 4713
0 | 4723
46 | 4723
30 | 4725
42 | 4726
11 | 4727
0 | 4736
78 | 4736
89 | 4736
33 | 4738
89 | 4739
15 | 4739
0 | 4740
60 | 4740
0 | 4749
33 | 4749
0 | 4750
84 | 4750
36 | 4750
97 | 4751
81 | 4756
79 | 4758
0 | 4759
66 | 4759
27 | 4760
46 | 4761
4 | 4761
94 | 4769
0 | 4774
12 | 4774
1 | 4775
0 | 4782
71 | 4782
79 | 4783
80 | 4787
77 | 4788
39 | 4788
57 | 4788
38 | 4789
22 | 4799
75 | 4800
73 | 4801
77 | 4801
11 | 4801
0 | 4802
46 | 4802
0 | 4803
70 | 4803
86 | 4804
0 | 4805
67 | 4805
86 | 4806
0 | 4807
22 | 4807
0 | 4808
39 | 4808
9 | 4808
81 | 4808
3 | 4809
73 | 4809
0 | 4810
29 | 4810
0 | 4813
68 | 4813
0 | 4814
20 | 4814
0 | 4815
90 | 4815
95 | 4815
0 | 4816
36 | 4816
11 | 4817
21 | 4817
93 | 4818
92 | 4819
33 | 4820
0 | 4821
34 | 4821
0 | 4825
39 | 4825
0 | 4826
63 | 4826
50 | 4826
37 | 4827
0 | 4837
99 | 4837
89 | 4837
92 | 4837
0 | 4838
66 | 4838
0 | 4839
80 | 4839
87 | 4840
98 | 4840
0 | 4841
17 | 4841
98 | 4842
0 | 4843
61 | 4843
4 | 4845
83 | 4845
48 | 4845
0 | 4855
16 | 4855
0 | 4856
45 | 4857
79 | 4858
0 | 4859
26 | 4867
0 | 4868
39 | 4868
91 | 4869
45 | 4869
0 | 4870
90 | 4870
69 | 4871
0 | 4872
48 | 4872
0 | 4876
9 | 4876
93 | 4886
0 | 4887
51 | 4887
35 | 4887
0 | 4888
12 | 4888
96 | 4889
56 | 4890
0 | 4891
38 | 4891
34 | 4892
0 | 4893
3 | 4893
43 | 4894
21 | 4895
0 | 4896
32 | 4896
69 | 4896
97 | 4897
17 | 4897
18 | 4897
57 | 4898
43 | 4902
90 | 4903
69 | 4912
17 | 4913
57 | 4914
55 | 4915
0 | 4916
48 | 4916
88 | 4917
91 | 4918
52 | 4918
36 | 4919
91 | 4920
0 | 4921
94 | 4921
72 | 4922
40 | 4922
54 | 4923
25 | 4924
59 | 4925
90 | 4926
0 | 4934
51 | 4934
28 | 4934
74 | 4935
0 | 4936
64 | 4936
74 | 4937
0 | 4939
65 | 4939
31 | 4939
68 | 4939
16 | 4940
0 | 4941
54 | 4941
40 | 4941
13 | 4941
76 | 4941
14 | 4949
0 | 4950
32 | 4959
31 | 4960
71 | 4961
0 | 4962
7 | 4962
14 | 4964
0 | 4965
77 | 4965
74 | 4972
16 | 4973
0 | 4974
19 | 4974
36 | 4975
82 | 4976
84 | 4979
86 | 4980
32 | 4981
58 | 4981
0 | 4982
40 | 4982
84 | 4983
0 | 4993
76 | 4993
50 | 4993
0 | 4994
6 | 5002
0 | 5003
49 | 5003
0 | 5004
45 | 5004
0 | 5005
99 | 5009
39 | 5010
0 | 5011
43 | 5011
0 | 5012
88 | 5019
8 | 5020
80 | 5020
2 | 5021
93 | 5021
0 | 5022
30 | 5022
0 | 5023
17 | 5023
16 | 5024
0 | 5025
5 | 5025
71 | 5026
22 | 5026
83 | 5034
0 | 5035
20 | 5039
22 | 5040
35 | 5048
94 | 5048
99 | 5049
0 | 5050
3 | 5055
30 | 5056
58 | 5056
0 | 5057
81 | 5057
0 | 5058
36 | 5058
21 | 5058
71 | 5058
0 | 5059
87 | 5059
78 | 5059
27 | 5059
75 | 5060
89 | 5060
28 | 5060
27 | 5060
90 | 5061
28 | 5061
23 | 5062
0 | 5063
56 | 5068
0 | 5069
86 | 5069
89 | 5073
0 | 5074
76 | 5080
41 | 5080
82 | 5085
0 | 5086
19 | 5086
0 | 5087
57 | 5087
58 | 5088
0 | 5089
22 | 5089
43 | 5089
2 | 5093
0 | 5094
11 | 5098
0 | 5099
69 | 5099
21 | 5100
0 | 5101
18 | 5101
92 | 5101
23 | 5101
0 | 5102
85 | 5102
0 | 5106
26 | 5106
10 | 5111
0 | 5112
67 | 5112
48 | 5113
54 | 5113
67 | 5113
0 | 5114
28 | 5114
72 | 5115
99 | 5115
19 | 5116
80 | 5117
0 | 5118
54 | 5118
0 | 5119
43 | 5119
0 | 5120
40 | 5120
0 | 5121
21 | 5121
61 | 5122
0 | 5123
21 | 5130
8 | 5131
0 | 5136
21 | 5136
0 | 5137
21 | 5137
2 | 5140
62 | 5141
93 | 5142
83 | 5142
53 | 5142
56 | 5147
0 | 5148
46 | 5148
91 | 5148
0 | 5149
94 | 5149
87 | 5150
28 | 5151
70 | 5151
63 | 5151
8 | 5158
65 | 5161
61 | 5165
72 | 5165
5 | 5165
0 | 5169
43 | 5169
39 | 5169
0 | 5170
88 | 5175
96 | 5175
0 | 5176
70 | 5185
0 | 5187
68 | 5196
93 | 5196
2 | 5197
92 | 5198
0 | 5208
32 | 5208
78 | 5209
22 | 5209
0 | 5213
52 | 5213
0 | 5214
89 | 5214
63 | 5214
15 | 5215
0 | 5216
40 | 5225
4 | 5225
0 | 5226
63 | 5226
0 | 5227
90 | 5227
63 | 5227
39 | 5227
85 | 5227
55 | 5227
0 | 5235
68 | 5239
12 | 5239
57 | 5240
0 | 5241
12 | 5241
76 | 5241
66 | 5246
45 | 5247
3 | 5248
62 | 5248
51 | 5248
89 | 5249
52 | 5250
0 | 5251
46 | 5251
69 | 5251
8 | 5252
0 | 5253
33 | 5253
52 | 5253
65 | 5254
33 | 5255
21 | 5255
39 | 5256
2 | 5257
0 | 5258
27 | 5258
0 | 5267
7 | 5267
32 | 5275
0 | 5276
30 | 5276
0 | 5277
52 | 5277
23 | 5278
77 | 5278
0 | 5279
34 | 5279
0 | 5280
31 | 5280
99 | 5285
91 | 5285
29 | 5286
30 | 5286
0 | 5287
32 | 5294
18 | 5294
88 | 5301
0 | 5302
8 | 5302
0 | 5303
58 | 5303
50 | 5304
0 | 5305
64 | 5305
39 | 5305
0 | 5306
24 | 5311
0 | 5312
23 | 5315
36 | 5316
70 | 5322
63 | 5323
96 | 5323
85 | 5324
59 | 5324
0 | 5325
40 | 5325
0 | 5326
13 | 5326
77 | 5326
29 | 5327
88 | 5327
0 | 5332
3 | 5333
70 | 5333
80 | 5333
71 | 5333
15 | 5339
35 | 5339
0 | 5340
15 | 5347
94 | 5348
0 | 5349
46 | 5349
0 | 5350
72 | 5350
55 | 5351
0 | 5352
71 | 5352
69 | 5361
98 | 5362
25 | 5362
2 | 5362
20 | 5363
52 | 5365
82 | 5365
34 | 5366
0 | 5367
64 | 5367
85 | 5368
0 | 5369
1 | 5369
22 | 5370
34 | 5375
24 | 5376
0 | 5377
20 | 5377
0 | 5378
34 | 5378
0 | 5379
38 | 5383
12 | 5384
99 | 5385
63 | 5386
11 | 5392
70 | 5392
0 | 5393
78 | 5393
73 | 5393
0 | 5401
5 | 5401
47 | 5409
0 | 5416
69 | 5416
0 | 5417
33 | 5417
71 | 5418
20 | 5419
0 | 5420
45 | 5420
2 | 5420
80 | 5423
6 | 5423
85 | 5423
91 | 5424
0 | 5425
20 | 5425
23 | 5425
90 | 5425
77 | 5426
12 | 5427
11 | 5428
0 | 5429
8 | 5438
84 | 5439
89 | 5440
82 | 5441
7 | 5445
25 | 5445
64 | 5445
0 | 5446
89 | 5446
10 | 5448
29 | 5448
44 | 5449
28 | 5449
0 | 5450
90 | 5450
0 | 5457
80 | 5457
35 | 5458
8 | 5459
92 | 5459
93 | 5459
0 | 5460
36 | 5460
0 | 5466
17 | 5473
61 | 5475
74 | 5475
77 | 5476
5 | 5477
14 | 5477
0 | 5478
37 | 5478
26 | 5479
57 | 5483
31 | 5483
0 | 5491
16 | 5496
0 | 5497
69 | 5497
44 | 5498
0 | 5499
87 | 5499
65 | 5503
0 | 5504
34 | 5505
42 | 5505
0 | 5506
86 | 5506
61 | 5506
63 | 5507
12 | 5508
0 | 5509
52 | 5509
79 | 5519
15 | 5523
0 | 5524
41 | 5526
24 | 5526
0 | 5527
41 | 5527
10 | 5528
63 | 5531
0 | 5532
24 | 5532
0 | 5533
75 | 5538
85 | 5538
37 | 5538
28 | 5538
0 | 5539
96 | 5539
95 | 5539
75 | 5539
83 | 5544
2 | 5546
72 | 5547
87 | 5552
26 | 5553
13 | 5554
0 | 5555
54 | 5559
90 | 5559
67 | 5560
0 | 5561
95 | 5561
31 | 5561
0 | 5562
87 | 5562
64 | 5562
71 | 5562
0 | 5563
89 | 5563
13 | 5563
0 | 5564
13 | 5564
7 | 5565
0 | 5566
23 | 5566
0 | 5567
37 | 5567
31 | 5568
63 | 5568
83 | 5568
27 | 5569
34 | 5570
0 | 5571
11 | 5571
16 | 5571
0 | 5572
51 | 5572
58 | 5573
93 | 5574
46 | 5574
0 | 5575
75 | 5575
0 | 5576
75 | 5576
44 | 5576
70 | 5577
56 | 5582
0 | 5583
85 | 5591
0 | 5592
6 | 5592
71 | 5592
0 | 5593
8 | 5593
17 | 5593
23 | 5595
56 | 5596
0 | 5597
22 | 5597
86 | 5603
0 | 5604
47 | 5604
0 | 5605
61 | 5605
35 | 5605
98 | 5606
0 | 5607
44 | 5607
0 | 5610
57 | 5610
37 | 5614
0 | 5615
10 | 5615
11 | 5616
0 | 5617
37 | 5617
67 | 5618
0 | 5619
47 | 5619
0 | 5620
5 | 5620
2 | 5621
0 | 5622
16 | 5622
5 | 5623
69 | 5624
0 | 5625
46 | 5625
86 | 5625
0 | 5626
34 | 5626
90 | 5626
46 | 5626
28 | 5626
66 | 5626
0 | 5627
35 | 5627
0 | 5628
23 | 5628
0 | 5629
80 | 5629
14 | 5630
0 | 5631
12 | 5631
70 | 5631
20 | 5632
62 | 5633
53 | 5634
0 | 5635
94 | 5635
93 | 5635
0 | 5636
66 | 5636
65 | 5637
86 | 5638
1 | 5639
60 | 5640
0 | 5641
68 | 5641
0 | 5642
63 | 5642
30 | 5642
60 | 5643
41 | 5644
80 | 5644
77 | 5644
15 | 5645
8 | 5645
94 | 5646
48 | 5646
72 | 5646
83 | 5646
92 | 5646
40 | 5647
5 | 5647
90 | 5648
93 | 5648
73 | 5648
67 | 5648
8 | 5649
70 | 5650
30 | 5650
65 | 5650
26 | 5650
77 | 5651
25 | 5652
29 | 5652
33 | 5652
29 | 5652
80 | 5653
33 | 5653
1 | 5653
30 | 5653
0 | 5654
52 | 5654
19 | 5654
38 | 5654
13 | 5654
81 | 5655
32 | 5655
64 | 5655
79 | 5655
4 | 5656
27 | 5656
29 | 5656
59 | 5656
68 | 5656
30 | 5656
57 | 5656
63 | 5656
80 | 5656
61 | 5656
3 | 5657
51 | 5657
90 | 5657
